0 1 0
0.01 1 0.00299985
0.02 1.00006 0.00599205
0.03 1.00018 0.00897512
0.04 1.00036 0.0119476
0.05 1.0006 0.014908
0.06 1.0009 0.0178548
0.07 1.00125 0.0207866
0.08 1.00167 0.023702
0.09 1.00214 0.0265994
0.1 1.00268 0.0294775
0.11 1.00326 0.0323348
0.12 1.00391 0.0351699
0.13 1.00461 0.0379813
0.14 1.00537 0.0407676
0.15 1.00619 0.0435274
0.16 1.00706 0.0462594
0.17 1.00799 0.048962
0.18 1.00896 0.0516339
0.19 1.01 0.0542736
0.2 1.01108 0.0568799
0.21 1.01222 0.0594514
0.22 1.01341 0.0619865
0.23 1.01465 0.0644841
0.24 1.01594 0.0669427
0.25 1.01728 0.069361
0.26 1.01867 0.0717376
0.27 1.0201 0.0740713
0.28 1.02158 0.0763606
0.29 1.02311 0.0786043
0.3 1.02468 0.080801
0.31 1.0263 0.0829496
0.32 1.02796 0.0850486
0.33 1.02966 0.0870969
0.34 1.0314 0.0890931
0.35 1.03318 0.091036
0.36 1.035 0.0929244
0.37 1.03686 0.0947571
0.38 1.03875 0.0965328
0.39 1.04069 0.0982505
0.4 1.04265 0.0999088
0.41 1.04465 0.101507
0.42 1.04668 0.103043
0.43 1.04874 0.104517
0.44 1.05083 0.105926
0.45 1.05295 0.107271
0.46 1.05509 0.10855
0.47 1.05726 0.109762
0.48 1.05946 0.110906
0.49 1.06168 0.111982
0.5 1.06392 0.112987
0.51 1.06618 0.113921
0.52 1.06846 0.114784
0.53 1.07075 0.115574
0.54 1.07306 0.116291
0.55 1.07539 0.116933
0.56 1.07773 0.117501
0.57 1.08008 0.117992
0.58 1.08244 0.118407
0.59 1.08481 0.118745
0.6 1.08718 0.119006
0.61 1.08956 0.119188
0.62 1.09194 0.119291
0.63 1.09433 0.119314
0.64 1.09672 0.119258
0.65 1.0991 0.119121
0.66 1.10148 0.118904
0.67 1.10386 0.118605
0.68 1.10623 0.118226
0.69 1.1086 0.117764
0.7 1.11095 0.117221
0.71 1.1133 0.116596
0.72 1.11563 0.115889
0.73 1.11795 0.1151
0.74 1.12025 0.114229
0.75 1.12253 0.113276
0.76 1.1248 0.112242
0.77 1.12705 0.111125
0.78 1.12927 0.109927
0.79 1.13147 0.108649
0.8 1.13364 0.107289
0.81 1.13579 0.105849
0.82 1.1379 0.104329
0.83 1.13999 0.10273
0.84 1.14204 0.101052
0.85 1.14406 0.0992962
0.86 1.14605 0.0974629
0.87 1.148 0.0955529
0.88 1.14991 0.0935672
0.89 1.15178 0.0915065
0.9 1.15361 0.089372
0.91 1.1554 0.0871645
0.92 1.15714 0.0848851
0.93 1.15884 0.0825351
0.94 1.16049 0.0801155
0.95 1.16209 0.0776276
0.96 1.16365 0.0750728
0.97 1.16515 0.0724523
0.98 1.1666 0.0697677
0.99 1.16799 0.0670204
1 1.16933 0.0642118
1.01 1.17062 0.0613437
1.02 1.17184 0.0584176
1.03 1.17301 0.0554352
1.04 1.17412 0.0523982
1.05 1.17517 0.0493085
1.06 1.17615 0.0461679
1.07 1.17708 0.0429781
1.08 1.17794 0.0397412
1.09 1.17873 0.0364591
1.1 1.17946 0.0331337
1.11 1.18012 0.0297672
1.12 1.18072 0.0263615
1.13 1.18125 0.0229188
1.14 1.18171 0.0194411
1.15 1.18209 0.0159307
1.16 1.18241 0.0123897
1.17 1.18266 0.00882028
1.18 1.18284 0.00522468
1.19 1.18294 0.00160514
1.2 1.18297 -0.0020361
1.21 1.18293 -0.00569677
1.22 1.18282 -0.00937459
1.23 1.18263 -0.0130673
1.24 1.18237 -0.0167726
1.25 1.18203 -0.0204882
1.26 1.18162 -0.0242118
1.27 1.18114 -0.0279411
1.28 1.18058 -0.0316739
1.29 1.17995 -0.0354078
1.3 1.17924 -0.0391407
1.31 1.17846 -0.0428703
1.32 1.1776 -0.0465943
1.33 1.17667 -0.0503105
1.34 1.17566 -0.0540167
1.35 1.17458 -0.0577109
1.36 1.17343 -0.0613908
1.37 1.1722 -0.0650543
1.38 1.1709 -0.0686993
1.39 1.16952 -0.0723238
1.4 1.16808 -0.0759258
1.41 1.16656 -0.0795033
1.42 1.16497 -0.0830543
1.43 1.16331 -0.086577
1.44 1.16158 -0.0900695
1.45 1.15978 -0.09353
1.46 1.1579 -0.0969567
1.47 1.15597 -0.100348
1.48 1.15396 -0.103702
1.49 1.15188 -0.107017
1.5 1.14974 -0.110292
1.51 1.14754 -0.113525
1.52 1.14527 -0.116715
1.53 1.14293 -0.11986
1.54 1.14054 -0.122959
1.55 1.13808 -0.12601
1.56 1.13556 -0.129013
1.57 1.13298 -0.131966
1.58 1.13034 -0.134868
1.59 1.12764 -0.137719
1.6 1.12489 -0.140516
1.61 1.12208 -0.143259
1.62 1.11921 -0.145948
1.63 1.11629 -0.148581
1.64 1.11332 -0.151157
1.65 1.1103 -0.153676
1.66 1.10722 -0.156138
1.67 1.1041 -0.158541
1.68 1.10093 -0.160886
1.69 1.09771 -0.163171
1.7 1.09445 -0.165396
1.71 1.09114 -0.167561
1.72 1.08779 -0.169665
1.73 1.0844 -0.171709
1.74 1.08096 -0.173692
1.75 1.07749 -0.175614
1.76 1.07398 -0.177475
1.77 1.07043 -0.179274
1.78 1.06684 -0.181013
1.79 1.06322 -0.18269
1.8 1.05957 -0.184306
1.81 1.05588 -0.185861
1.82 1.05216 -0.187356
1.83 1.04842 -0.18879
1.84 1.04464 -0.190163
1.85 1.04084 -0.191477
1.86 1.03701 -0.192732
1.87 1.03315 -0.193927
1.88 1.02927 -0.195063
1.89 1.02537 -0.196142
1.9 1.02145 -0.197162
1.91 1.01751 -0.198125
1.92 1.01354 -0.199032
1.93 1.00956 -0.199882
1.94 1.00557 -0.200678
1.95 1.00155 -0.201418
1.96 0.997524 -0.202104
1.97 0.993482 -0.202737
1.98 0.989427 -0.203317
1.99 0.985361 -0.203845
2 0.981284 -0.204322
2.01 0.977197 -0.204748
2.02 0.973102 -0.205125
2.03 0.969 -0.205453
2.04 0.964891 -0.205733
2.05 0.960776 -0.205966
2.06 0.956657 -0.206152
2.07 0.952534 -0.206293
2.08 0.948408 -0.20639
2.09 0.94428 -0.206443
2.1 0.940151 -0.206453
2.11 0.936022 -0.206421
2.12 0.931894 -0.206348
2.13 0.927767 -0.206235
2.14 0.923642 -0.206082
2.15 0.919521 -0.205892
2.16 0.915403 -0.205664
2.17 0.91129 -0.205399
2.18 0.907182 -0.205099
2.19 0.90308 -0.204765
2.2 0.898984 -0.204396
2.21 0.894896 -0.203995
2.22 0.890816 -0.203561
2.23 0.886745 -0.203097
2.24 0.882683 -0.202602
2.25 0.878631 -0.202078
2.26 0.87459 -0.201526
2.27 0.870559 -0.200946
2.28 0.86654 -0.200339
2.29 0.862533 -0.199706
2.3 0.858539 -0.199048
2.31 0.854558 -0.198366
2.32 0.850591 -0.197661
2.33 0.846638 -0.196933
2.34 0.842699 -0.196183
2.35 0.838776 -0.195412
2.36 0.834867 -0.194621
2.37 0.830975 -0.193811
2.38 0.827099 -0.192981
2.39 0.823239 -0.192134
2.4 0.819396 -0.191269
2.41 0.815571 -0.190388
2.42 0.811763 -0.189491
2.43 0.807973 -0.188579
2.44 0.804202 -0.187653
2.45 0.800449 -0.186712
2.46 0.796714 -0.185759
2.47 0.792999 -0.184792
2.48 0.789303 -0.183814
2.49 0.785627 -0.182824
2.5 0.781971 -0.181824
2.51 0.778334 -0.180814
2.52 0.774718 -0.179793
2.53 0.771122 -0.178764
2.54 0.767547 -0.177726
2.55 0.763992 -0.17668
2.56 0.760459 -0.175627
2.57 0.756946 -0.174566
2.58 0.753455 -0.173499
2.59 0.749985 -0.172426
2.6 0.746536 -0.171347
2.61 0.743109 -0.170263
2.62 0.739704 -0.169174
2.63 0.736321 -0.16808
2.64 0.732959 -0.166982
2.65 0.729619 -0.165881
2.66 0.726302 -0.164776
2.67 0.723006 -0.163669
2.68 0.719733 -0.162558
2.69 0.716482 -0.161446
2.7 0.713253 -0.160331
2.71 0.710046 -0.159215
2.72 0.706862 -0.158097
2.73 0.7037 -0.156978
2.74 0.70056 -0.155858
2.75 0.697443 -0.154737
2.76 0.694348 -0.153616
2.77 0.691276 -0.152495
2.78 0.688226 -0.151373
2.79 0.685199 -0.150252
2.8 0.682194 -0.149131
2.81 0.679211 -0.148011
2.82 0.676251 -0.146891
2.83 0.673313 -0.145772
2.84 0.670398 -0.144654
2.85 0.667505 -0.143537
2.86 0.664634 -0.142421
2.87 0.661785 -0.141307
2.88 0.658959 -0.140194
2.89 0.656155 -0.139083
2.9 0.653374 -0.137973
2.91 0.650614 -0.136865
2.92 0.647877 -0.135759
2.93 0.645162 -0.134654
2.94 0.642469 -0.133551
2.95 0.639798 -0.13245
2.96 0.637149 -0.131351
2.97 0.634522 -0.130254
2.98 0.631917 -0.129158
2.99 0.629333 -0.128065
3 0.626772 -0.126973
3.01 0.624233 -0.125883
3.02 0.621715 -0.124795
3.03 0.619219 -0.123709
3.04 0.616745 -0.122625
3.05 0.614292 -0.121542
3.06 0.611862 -0.120461
3.07 0.609452 -0.119382
3.08 0.607065 -0.118304
3.09 0.604699 -0.117227
3.1 0.602354 -0.116152
3.11 0.600031 -0.115078
3.12 0.597729 -0.114006
3.13 0.595449 -0.112934
3.14 0.593191 -0.111864
3.15 0.590953 -0.110794
3.16 0.588738 -0.109725
3.17 0.586543 -0.108657
3.18 0.58437 -0.10759
3.19 0.582218 -0.106522
3.2 0.580088 -0.105455
3.21 0.577979 -0.104388
3.22 0.575891 -0.103321
3.23 0.573824 -0.102254
3.24 0.571779 -0.101187
3.25 0.569756 -0.100119
3.26 0.567753 -0.0990501
3.27 0.565772 -0.0979806
3.28 0.563813 -0.0969101
3.29 0.561874 -0.0958384
3.3 0.559958 -0.0947653
3.31 0.558062 -0.0936907
3.32 0.556188 -0.0926144
3.33 0.554336 -0.0915361
3.34 0.552505 -0.0904557
3.35 0.550696 -0.089373
3.36 0.548909 -0.0882878
3.37 0.547143 -0.0871998
3.38 0.545399 -0.0861089
3.39 0.543677 -0.0850149
3.4 0.541977 -0.0839175
3.41 0.540298 -0.0828165
3.42 0.538642 -0.0817117
3.43 0.537008 -0.0806029
3.44 0.535396 -0.0794899
3.45 0.533806 -0.0783724
3.46 0.532238 -0.0772502
3.47 0.530693 -0.076123
3.48 0.529171 -0.0749907
3.49 0.527671 -0.073853
3.5 0.526194 -0.0727097
3.51 0.52474 -0.0715604
3.52 0.523309 -0.0704051
3.53 0.521901 -0.0692433
3.54 0.520516 -0.068075
3.55 0.519154 -0.0668998
3.56 0.517816 -0.0657175
3.57 0.516502 -0.0645278
3.58 0.515211 -0.0633305
3.59 0.513945 -0.0621254
3.6 0.512702 -0.0609121
3.61 0.511484 -0.0596904
3.62 0.51029 -0.0584601
3.63 0.509121 -0.0572209
3.64 0.507976 -0.0559725
3.65 0.506857 -0.0547147
3.66 0.505763 -0.0534472
3.67 0.504694 -0.0521697
3.68 0.50365 -0.050882
3.69 0.502633 -0.0495838
3.7 0.501641 -0.0482749
3.71 0.500676 -0.0469549
3.72 0.499737 -0.0456237
3.73 0.498824 -0.0442809
3.74 0.497938 -0.0429262
3.75 0.49708 -0.0415595
3.76 0.496249 -0.0401804
3.77 0.495445 -0.0387886
3.78 0.494669 -0.0373839
3.79 0.493922 -0.035966
3.8 0.493202 -0.0345347
3.81 0.492512 -0.0330896
3.82 0.49185 -0.0316305
3.83 0.491217 -0.0301571
3.84 0.490614 -0.0286692
3.85 0.490041 -0.0271664
3.86 0.489497 -0.0256486
3.87 0.488984 -0.0241153
3.88 0.488502 -0.0225664
3.89 0.488051 -0.0210016
3.9 0.487631 -0.0194206
3.91 0.487242 -0.0178231
3.92 0.486886 -0.0162089
3.93 0.486562 -0.0145777
3.94 0.48627 -0.0129292
3.95 0.486012 -0.0112632
3.96 0.485786 -0.00957938
3.97 0.485595 -0.00787747
3.98 0.485437 -0.00615722
3.99 0.485314 -0.00441836
4 0.485226 -0.00266063
4.01 0.485172 -0.000883771
4.02 0.485155 0.000912477
4.03 0.485173 0.00272837
4.04 0.485228 0.00456417
4.05 0.485319 0.00642013
4.06 0.485447 0.00829651
4.07 0.485613 0.0101935
4.08 0.485817 0.0121115
4.09 0.486059 0.0140506
4.1 0.48634 0.0160111
4.11 0.486661 0.0179932
4.12 0.48702 0.0199973
4.13 0.48742 0.0220234
4.14 0.487861 0.0240719
4.15 0.488342 0.026143
4.16 0.488865 0.0282368
4.17 0.48943 0.0303537
4.18 0.490037 0.0324938
4.19 0.490687 0.0346574
4.2 0.49138 0.0368447
4.21 0.492117 0.0390558
4.22 0.492898 0.041291
4.23 0.493724 0.0435504
4.24 0.494595 0.0458343
4.25 0.495511 0.0481429
4.26 0.496474 0.0504762
4.27 0.497484 0.0528346
4.28 0.498541 0.0552181
4.29 0.499645 0.057627
4.3 0.500797 0.0600613
4.31 0.501999 0.0625213
4.32 0.503249 0.065007
4.33 0.504549 0.0675186
4.34 0.5059 0.0700563
4.35 0.507301 0.0726201
4.36 0.508753 0.0752102
4.37 0.510257 0.0778266
4.38 0.511814 0.0804694
4.39 0.513423 0.0831388
4.4 0.515086 0.0858348
4.41 0.516803 0.0885575
4.42 0.518574 0.0913068
4.43 0.5204 0.0940829
4.44 0.522282 0.0968858
4.45 0.524219 0.0997155
4.46 0.526214 0.102572
4.47 0.528265 0.105455
4.48 0.530374 0.108365
4.49 0.532542 0.111302
4.5 0.534768 0.114265
4.51 0.537053 0.117255
4.52 0.539398 0.120272
4.53 0.541803 0.123315
4.54 0.54427 0.126384
4.55 0.546797 0.129479
4.56 0.549387 0.1326
4.57 0.552039 0.135748
4.58 0.554754 0.13892
4.59 0.557532 0.142119
4.6 0.560375 0.145342
4.61 0.563282 0.14859
4.62 0.566253 0.151863
4.63 0.569291 0.15516
4.64 0.572394 0.158482
4.65 0.575563 0.161827
4.66 0.5788 0.165195
4.67 0.582104 0.168586
4.68 0.585476 0.171999
4.69 0.588916 0.175435
4.7 0.592424 0.178892
4.71 0.596002 0.18237
4.72 0.599649 0.185868
4.73 0.603367 0.189386
4.74 0.607155 0.192924
4.75 0.611013 0.19648
4.76 0.614943 0.200054
4.77 0.618944 0.203645
4.78 0.623017 0.207252
4.79 0.627162 0.210875
4.8 0.631379 0.214512
4.81 0.635669 0.218164
4.82 0.640033 0.221828
4.83 0.644469 0.225505
4.84 0.648979 0.229192
4.85 0.653563 0.232889
4.86 0.658221 0.236595
4.87 0.662953 0.240308
4.88 0.667759 0.244028
4.89 0.67264 0.247753
4.9 0.677595 0.251482
4.91 0.682624 0.255214
4.92 0.687729 0.258946
4.93 0.692907 0.262678
4.94 0.698161 0.266408
4.95 0.703489 0.270135
4.96 0.708892 0.273856
4.97 0.714369 0.277571
4.98 0.71992 0.281277
4.99 0.725546 0.284973
5 0.731245 0.288656
5.01 0.737019 0.292325
5.02 0.742865 0.295978
5.03 0.748785 0.299613
5.04 0.754777 0.303227
5.05 0.760841 0.306818
5.06 0.766978 0.310384
5.07 0.773186 0.313923
5.08 0.779464 0.317433
5.09 0.785813 0.32091
5.1 0.792231 0.324352
5.11 0.798718 0.327756
5.12 0.805273 0.331121
5.13 0.811895 0.334443
5.14 0.818584 0.337719
5.15 0.825339 0.340946
5.16 0.832158 0.344121
5.17 0.83904 0.347242
5.18 0.845985 0.350305
5.19 0.852991 0.353307
5.2 0.860057 0.356245
5.21 0.867182 0.359115
5.22 0.874364 0.361914
5.23 0.881603 0.364638
5.24 0.888895 0.367285
5.25 0.896241 0.36985
5.26 0.903638 0.37233
5.27 0.911085 0.374721
5.28 0.918579 0.377019
5.29 0.926119 0.379221
5.3 0.933704 0.381323
5.31 0.94133 0.38332
5.32 0.948997 0.38521
5.33 0.956701 0.386987
5.34 0.964441 0.388649
5.35 0.972214 0.39019
5.36 0.980017 0.391607
5.37 0.98785 0.392896
5.38 0.995707 0.394053
5.39 1.00359 0.395074
5.4 1.01149 0.395954
5.41 1.01941 0.39669
5.42 1.02734 0.397277
5.43 1.03529 0.397711
5.44 1.04324 0.397989
5.45 1.0512 0.398107
5.46 1.05916 0.39806
5.47 1.06713 0.397845
5.48 1.07508 0.397457
5.49 1.08303 0.396894
5.5 1.09097 0.396151
5.51 1.09889 0.395225
5.52 1.1068 0.394112
5.53 1.11468 0.392809
5.54 1.12254 0.391313
5.55 1.13036 0.38962
5.56 1.13815 0.387728
5.57 1.14591 0.385633
5.58 1.15362 0.383334
5.59 1.16129 0.380827
5.6 1.1689 0.37811
5.61 1.17647 0.37518
5.62 1.18397 0.372037
5.63 1.19141 0.368678
5.64 1.19878 0.365101
5.65 1.20609 0.361306
5.66 1.21331 0.357291
5.67 1.22046 0.353056
5.68 1.22752 0.348599
5.69 1.23449 0.343921
5.7 1.24137 0.339022
5.71 1.24815 0.333901
5.72 1.25483 0.32856
5.73 1.2614 0.322999
5.74 1.26786 0.317219
5.75 1.2742 0.311222
5.76 1.28043 0.30501
5.77 1.28653 0.298585
5.78 1.2925 0.291949
5.79 1.29834 0.285105
5.8 1.30404 0.278056
5.81 1.3096 0.270806
5.82 1.31502 0.263358
5.83 1.32029 0.255717
5.84 1.3254 0.247886
5.85 1.33036 0.239872
5.86 1.33516 0.231678
5.87 1.33979 0.22331
5.88 1.34426 0.214775
5.89 1.34855 0.206077
5.9 1.35267 0.197224
5.91 1.35662 0.188222
5.92 1.36038 0.179078
5.93 1.36396 0.169799
5.94 1.36736 0.160393
5.95 1.37057 0.150867
5.96 1.37358 0.14123
5.97 1.37641 0.13149
5.98 1.37904 0.121655
5.99 1.38147 0.111733
6 1.38371 0.101734
6.01 1.38574 0.0916669
6.02 1.38757 0.0815401
6.03 1.38921 0.0713633
6.04 1.39063 0.0611458
6.05 1.39186 0.050897
6.06 1.39287 0.0406264
6.07 1.39369 0.0303437
6.08 1.39429 0.0200585
6.09 1.39469 0.00978033
6.1 1.39489 -0.000481122
6.11 1.39488 -0.0107163
6.12 1.39467 -0.0209156
6.13 1.39425 -0.0310695
6.14 1.39363 -0.0411687
6.15 1.3928 -0.0512039
6.16 1.39178 -0.0611658
6.17 1.39055 -0.0710455
6.18 1.38913 -0.080834
6.19 1.38752 -0.0905228
6.2 1.38571 -0.100103
6.21 1.3837 -0.109567
6.22 1.38151 -0.118906
6.23 1.37914 -0.128112
6.24 1.37657 -0.137179
6.25 1.37383 -0.146097
6.26 1.37091 -0.154862
6.27 1.36781 -0.163464
6.28 1.36454 -0.171899
6.29 1.3611 -0.180161
6.3 1.3575 -0.188242
6.31 1.35374 -0.196138
6.32 1.34981 -0.203843
6.33 1.34574 -0.211352
6.34 1.34151 -0.218662
6.35 1.33714 -0.225767
6.36 1.33262 -0.232664
6.37 1.32797 -0.239348
6.38 1.32318 -0.245818
6.39 1.31826 -0.25207
6.4 1.31322 -0.258101
6.41 1.30806 -0.26391
6.42 1.30278 -0.269494
6.43 1.29739 -0.274851
6.44 1.29189 -0.279981
6.45 1.2863 -0.284882
6.46 1.2806 -0.289554
6.47 1.27481 -0.293996
6.48 1.26893 -0.298209
6.49 1.26296 -0.302192
6.5 1.25692 -0.305946
6.51 1.2508 -0.309472
6.52 1.24461 -0.31277
6.53 1.23835 -0.315842
6.54 1.23204 -0.31869
6.55 1.22566 -0.321315
6.56 1.21924 -0.323718
6.57 1.21276 -0.325903
6.58 1.20625 -0.327871
6.59 1.19969 -0.329625
6.6 1.1931 -0.331168
6.61 1.18647 -0.332502
6.62 1.17982 -0.33363
6.63 1.17315 -0.334555
6.64 1.16646 -0.335282
6.65 1.15975 -0.335812
6.66 1.15304 -0.33615
6.67 1.14631 -0.3363
6.68 1.13959 -0.336264
6.69 1.13286 -0.336046
6.7 1.12614 -0.335651
6.71 1.11943 -0.335082
6.72 1.11273 -0.334344
6.73 1.10604 -0.33344
6.74 1.09937 -0.332374
6.75 1.09272 -0.331151
6.76 1.0861 -0.329774
6.77 1.0795 -0.328248
6.78 1.07294 -0.326576
6.79 1.06641 -0.324763
6.8 1.05991 -0.322814
6.81 1.05346 -0.320731
6.82 1.04704 -0.31852
6.83 1.04067 -0.316184
6.84 1.03435 -0.313728
6.85 1.02807 -0.311155
6.86 1.02185 -0.308469
6.87 1.01568 -0.305675
6.88 1.00957 -0.302777
6.89 1.00351 -0.299777
6.9 0.997517 -0.296681
6.91 0.991583 -0.293492
6.92 0.985713 -0.290213
6.93 0.979909 -0.286849
6.94 0.974172 -0.283403
6.95 0.968504 -0.279878
6.96 0.962906 -0.276279
6.97 0.957381 -0.272607
6.98 0.951929 -0.268868
6.99 0.946551 -0.265065
7 0.94125 -0.261199
7.01 0.936026 -0.257276
7.02 0.93088 -0.253297
7.03 0.925814 -0.249266
7.04 0.920829 -0.245186
7.05 0.915925 -0.24106
7.06 0.911104 -0.236891
7.07 0.906366 -0.232681
7.08 0.901713 -0.228433
7.09 0.897144 -0.22415
7.1 0.892661 -0.219834
7.11 0.888264 -0.215489
7.12 0.883955 -0.211116
7.13 0.879732 -0.206718
7.14 0.875598 -0.202297
7.15 0.871552 -0.197855
7.16 0.867595 -0.193395
7.17 0.863727 -0.188919
7.18 0.859949 -0.184429
7.19 0.85626 -0.179927
7.2 0.852662 -0.175414
7.21 0.849153 -0.170894
7.22 0.845735 -0.166367
7.23 0.842408 -0.161835
7.24 0.839171 -0.157301
7.25 0.836025 -0.152766
7.26 0.83297 -0.148231
7.27 0.830005 -0.143698
7.28 0.827131 -0.13917
7.29 0.824348 -0.134646
7.3 0.821655 -0.130129
7.31 0.819053 -0.12562
7.32 0.81654 -0.121121
7.33 0.814118 -0.116632
7.34 0.811785 -0.112156
7.35 0.809542 -0.107693
7.36 0.807388 -0.103244
7.37 0.805323 -0.0988115
7.38 0.803347 -0.0943957
7.39 0.801459 -0.0899978
7.4 0.799659 -0.085619
7.41 0.797947 -0.0812604
7.42 0.796322 -0.0769229
7.43 0.794783 -0.0726075
7.44 0.793331 -0.0683153
7.45 0.791965 -0.064047
7.46 0.790684 -0.0598037
7.47 0.789488 -0.0555861
7.48 0.788376 -0.0513953
7.49 0.787348 -0.0472319
7.5 0.786403 -0.0430969
7.51 0.785541 -0.0389909
7.52 0.784762 -0.0349149
7.53 0.784063 -0.0308694
7.54 0.783446 -0.0268554
7.55 0.782909 -0.0228734
7.56 0.782451 -0.0189243
7.57 0.782073 -0.0150086
7.58 0.781773 -0.0111271
7.59 0.78155 -0.00728046
7.6 0.781405 -0.00346928
7.61 0.781335 0.000305788
7.62 0.781341 0.0040441
7.63 0.781422 0.00774505
7.64 0.781577 0.011408
7.65 0.781805 0.0150324
7.66 0.782106 0.0186177
7.67 0.782478 0.0221632
7.68 0.782921 0.0256683
7.69 0.783435 0.0291326
7.7 0.784017 0.0325554
7.71 0.784669 0.0359362
7.72 0.785387 0.0392744
7.73 0.786173 0.0425695
7.74 0.787024 0.0458209
7.75 0.787941 0.0490281
7.76 0.788921 0.0521906
7.77 0.789965 0.0553078
7.78 0.791071 0.0583791
7.79 0.792239 0.0614042
7.8 0.793467 0.0643823
7.81 0.794754 0.067313
7.82 0.796101 0.0701958
7.83 0.797505 0.0730302
7.84 0.798965 0.0758156
7.85 0.800482 0.0785515
7.86 0.802053 0.0812373
7.87 0.803677 0.0838726
7.88 0.805355 0.0864569
7.89 0.807084 0.0889896
7.9 0.808864 0.0914701
7.91 0.810693 0.0938981
7.92 0.812571 0.0962729
7.93 0.814496 0.0985941
7.94 0.816468 0.100861
7.95 0.818486 0.103073
7.96 0.820547 0.105231
7.97 0.822652 0.107332
7.98 0.824798 0.109377
7.99 0.826986 0.111366
8 0.829213 0.113297
8.01 0.831479 0.115171
8.02 0.833783 0.116986
8.03 0.836122 0.118742
8.04 0.838497 0.12044
8.05 0.840906 0.122077
8.06 0.843347 0.123655
8.07 0.845821 0.125172
8.08 0.848324 0.126627
8.09 0.850857 0.128021
8.1 0.853417 0.129353
8.11 0.856004 0.130622
8.12 0.858616 0.131829
8.13 0.861253 0.132972
8.14 0.863912 0.134051
8.15 0.866593 0.135065
8.16 0.869295 0.136015
8.17 0.872015 0.1369
8.18 0.874753 0.13772
8.19 0.877508 0.138473
8.2 0.880277 0.13916
8.21 0.88306 0.139781
8.22 0.885856 0.140335
8.23 0.888662 0.140821
8.24 0.891479 0.14124
8.25 0.894304 0.14159
8.26 0.897136 0.141873
8.27 0.899973 0.142087
8.28 0.902815 0.142233
8.29 0.905659 0.14231
8.3 0.908506 0.142317
8.31 0.911352 0.142256
8.32 0.914197 0.142125
8.33 0.91704 0.141924
8.34 0.919878 0.141654
8.35 0.922711 0.141314
8.36 0.925537 0.140905
8.37 0.928355 0.140425
8.38 0.931164 0.139876
8.39 0.933962 0.139257
8.4 0.936747 0.138568
8.41 0.939518 0.137809
8.42 0.942274 0.136981
8.43 0.945014 0.136084
8.44 0.947735 0.135118
8.45 0.950438 0.134082
8.46 0.953119 0.132978
8.47 0.955779 0.131805
8.48 0.958415 0.130564
8.49 0.961026 0.129256
8.5 0.963612 0.12788
8.51 0.966169 0.126437
8.52 0.968698 0.124927
8.53 0.971196 0.123352
8.54 0.973663 0.121711
8.55 0.976098 0.120005
8.56 0.978498 0.118235
8.57 0.980862 0.116401
8.58 0.98319 0.114504
8.59 0.985481 0.112545
8.6 0.987731 0.110525
8.61 0.989942 0.108444
8.62 0.992111 0.106303
8.63 0.994237 0.104103
8.64 0.996319 0.101846
8.65 0.998356 0.099531
8.66 1.00035 0.0971604
8.67 1.00229 0.0947349
8.68 1.00418 0.0922555
8.69 1.00603 0.0897234
8.7 1.00782 0.0871397
8.71 1.00957 0.0845056
8.72 1.01126 0.0818223
8.73 1.01289 0.0790912
8.74 1.01448 0.0763136
8.75 1.016 0.0734906
8.76 1.01747 0.0706239
8.77 1.01888 0.0677146
8.78 1.02024 0.0647644
8.79 1.02153 0.0617746
8.8 1.02277 0.0587467
8.81 1.02394 0.0556823
8.82 1.02506 0.0525829
8.83 1.02611 0.0494501
8.84 1.0271 0.0462855
8.85 1.02802 0.0430907
8.86 1.02889 0.0398674
8.87 1.02968 0.0366173
8.88 1.03042 0.033342
8.89 1.03108 0.0300433
8.9 1.03168 0.0267228
8.91 1.03222 0.0233823
8.92 1.03269 0.0200236
8.93 1.03309 0.0166484
8.94 1.03342 0.0132585
8.95 1.03368 0.00985574
8.96 1.03388 0.00644182
8.97 1.03401 0.00301858
8.98 1.03407 -0.000412194
8.99 1.03406 -0.0038487
9 1.03398 -0.00728913
9.01 1.03384 -0.0107317
9.02 1.03362 -0.0141746
9.03 1.03334 -0.017616
9.04 1.03299 -0.0210542
9.05 1.03257 -0.0244874
9.06 1.03208 -0.0279138
9.07 1.03152 -0.0313316
9.08 1.03089 -0.0347392
9.09 1.0302 -0.0381347
9.1 1.02944 -0.0415166
9.11 1.0286 -0.044883
9.12 1.02771 -0.0482324
9.13 1.02674 -0.051563
9.14 1.02571 -0.0548733
9.15 1.02461 -0.0581616
9.16 1.02345 -0.0614264
9.17 1.02222 -0.0646661
9.18 1.02093 -0.0678791
9.19 1.01957 -0.071064
9.2 1.01815 -0.0742194
9.21 1.01667 -0.0773437
9.22 1.01512 -0.0804356
9.23 1.01351 -0.0834937
9.24 1.01184 -0.0865167
9.25 1.01011 -0.0895032
9.26 1.00832 -0.092452
9.27 1.00647 -0.095362
9.28 1.00456 -0.0982317
9.29 1.0026 -0.10106
9.3 1.00058 -0.103846
9.31 0.998501 -0.106589
9.32 0.996369 -0.109287
9.33 0.994183 -0.11194
9.34 0.991944 -0.114546
9.35 0.989653 -0.117105
9.36 0.987311 -0.119615
9.37 0.984919 -0.122077
9.38 0.982478 -0.124488
9.39 0.979988 -0.126849
9.4 0.977451 -0.129159
9.41 0.974868 -0.131416
9.42 0.972239 -0.133621
9.43 0.969567 -0.135773
9.44 0.966851 -0.13787
9.45 0.964094 -0.139914
9.46 0.961296 -0.141902
9.47 0.958458 -0.143836
9.48 0.955581 -0.145713
9.49 0.952667 -0.147535
9.5 0.949716 -0.1493
9.51 0.94673 -0.151009
9.52 0.94371 -0.152661
9.53 0.940657 -0.154256
9.54 0.937571 -0.155793
9.55 0.934456 -0.157273
9.56 0.93131 -0.158696
9.57 0.928136 -0.160061
9.58 0.924935 -0.161368
9.59 0.921708 -0.162618
9.6 0.918455 -0.16381
9.61 0.915179 -0.164944
9.62 0.91188 -0.166021
9.63 0.90856 -0.167041
9.64 0.905219 -0.168003
9.65 0.901859 -0.168907
9.66 0.898481 -0.169755
9.67 0.895086 -0.170547
9.68 0.891675 -0.171281
9.69 0.888249 -0.171959
9.7 0.88481 -0.172581
9.71 0.881358 -0.173148
9.72 0.877895 -0.173659
9.73 0.874422 -0.174114
9.74 0.87094 -0.174515
9.75 0.86745 -0.174862
9.76 0.863952 -0.175154
9.77 0.860449 -0.175393
9.78 0.856941 -0.175579
9.79 0.85343 -0.175711
9.8 0.849916 -0.175791
9.81 0.8464 -0.175819
9.82 0.842883 -0.175796
9.83 0.839367 -0.175721
9.84 0.835853 -0.175596
9.85 0.832341 -0.175421
9.86 0.828833 -0.175196
9.87 0.825329 -0.174921
9.88 0.82183 -0.174598
9.89 0.818338 -0.174227
9.9 0.814854 -0.173808
9.91 0.811378 -0.173342
9.92 0.807911 -0.172829
9.93 0.804454 -0.17227
9.94 0.801009 -0.171666
9.95 0.797576 -0.171016
9.96 0.794155 -0.170321
9.97 0.790749 -0.169583
9.98 0.787357 -0.1688
9.99 0.783981 -0.167975
10 0.780622 -0.167107
10.01 0.777279 -0.166197
10.02 0.773956 -0.165245
10.03 0.770651 -0.164252
10.04 0.767366 -0.163218
10.05 0.764101 -0.162145
10.06 0.760858 -0.161031
10.07 0.757638 -0.159879
10.08 0.75444 -0.158687
10.09 0.751266 -0.157458
10.1 0.748117 -0.15619
10.11 0.744993 -0.154886
10.12 0.741896 -0.153544
10.13 0.738825 -0.152166
10.14 0.735782 -0.150752
10.15 0.732766 -0.149303
10.16 0.72978 -0.147818
10.17 0.726824 -0.146299
10.18 0.723898 -0.144745
10.19 0.721003 -0.143157
10.2 0.71814 -0.141536
10.21 0.715309 -0.139881
10.22 0.712512 -0.138194
10.23 0.709748 -0.136474
10.24 0.707018 -0.134722
10.25 0.704324 -0.132939
10.26 0.701665 -0.131124
10.27 0.699043 -0.129278
10.28 0.696457 -0.127401
10.29 0.693909 -0.125494
10.3 0.691399 -0.123557
10.31 0.688928 -0.121589
10.32 0.686496 -0.119592
10.33 0.684104 -0.117566
10.34 0.681753 -0.115511
10.35 0.679443 -0.113427
10.36 0.677174 -0.111315
10.37 0.674948 -0.109174
10.38 0.672765 -0.107006
10.39 0.670624 -0.104809
10.4 0.668528 -0.102585
10.41 0.666477 -0.100334
10.42 0.66447 -0.0980549
10.43 0.662509 -0.0957493
10.44 0.660594 -0.0934169
10.45 0.658725 -0.0910579
10.46 0.656904 -0.0886724
10.47 0.655131 -0.0862607
10.48 0.653406 -0.0838228
10.49 0.651729 -0.0813591
10.5 0.650102 -0.0788695
10.51 0.648525 -0.0763542
10.52 0.646998 -0.0738135
10.53 0.645521 -0.0712473
10.54 0.644096 -0.0686559
10.55 0.642723 -0.0660393
10.56 0.641402 -0.0633977
10.57 0.640134 -0.0607312
10.58 0.63892 -0.0580399
10.59 0.637759 -0.0553238
10.6 0.636653 -0.0525832
10.61 0.635601 -0.0498181
10.62 0.634605 -0.0470285
10.63 0.633664 -0.0442146
10.64 0.63278 -0.0413765
10.65 0.631952 -0.0385142
10.66 0.631182 -0.0356279
10.67 0.630469 -0.0327175
10.68 0.629815 -0.0297833
10.69 0.629219 -0.0268252
10.7 0.628683 -0.0238435
10.71 0.628206 -0.020838
10.72 0.627789 -0.017809
10.73 0.627433 -0.0147564
10.74 0.627138 -0.0116805
10.75 0.626904 -0.00858123
10.76 0.626733 -0.00545871
10.77 0.626623 -0.00231304
10.78 0.626577 0.0008557
10.79 0.626594 0.00404741
10.8 0.626675 0.00726198
10.81 0.62682 0.0104993
10.82 0.62703 0.0137593
10.83 0.627306 0.0170419
10.84 0.627646 0.0203469
10.85 0.628053 0.0236742
10.86 0.628527 0.0270236
10.87 0.629067 0.0303952
10.88 0.629675 0.0337886
10.89 0.630351 0.0372037
10.9 0.631095 0.0406404
10.91 0.631908 0.0440986
10.92 0.63279 0.0475779
10.93 0.633741 0.0510783
10.94 0.634763 0.0545995
10.95 0.635855 0.0581414
10.96 0.637018 0.0617036
10.97 0.638252 0.065286
10.98 0.639558 0.0688883
10.99 0.640935 0.0725102
11 0.642386 0.0761514
11.01 0.643909 0.0798117
11.02 0.645505 0.0834907
11.03 0.647175 0.0871882
11.04 0.648918 0.0909036
11.05 0.650736 0.0946368
11.06 0.652629 0.0983873
11.07 0.654597 0.102155
11.08 0.65664 0.105938
11.09 0.658759 0.109738
11.1 0.660954 0.113554
11.11 0.663225 0.117384
11.12 0.665572 0.121229
11.13 0.667997 0.125088
11.14 0.670499 0.12896
11.15 0.673078 0.132845
11.16 0.675735 0.136742
11.17 0.67847 0.140651
11.18 0.681283 0.14457
11.19 0.684174 0.1485
11.2 0.687144 0.152439
11.21 0.690193 0.156386
11.22 0.693321 0.160342
11.23 0.696527 0.164304
11.24 0.699813 0.168272
11.25 0.703179 0.172246
11.26 0.706624 0.176223
11.27 0.710148 0.180204
11.28 0.713752 0.184187
11.29 0.717436 0.18817
11.3 0.721199 0.192154
11.31 0.725043 0.196137
11.32 0.728965 0.200117
11.33 0.732968 0.204093
11.34 0.737049 0.208064
11.35 0.741211 0.212029
11.36 0.745451 0.215986
11.37 0.749771 0.219935
11.38 0.75417 0.223872
11.39 0.758647 0.227797
11.4 0.763203 0.231709
11.41 0.767837 0.235605
11.42 0.772549 0.239483
11.43 0.777339 0.243343
11.44 0.782206 0.247183
11.45 0.78715 0.250999
11.46 0.79217 0.254792
11.47 0.797265 0.258558
11.48 0.802437 0.262295
11.49 0.807682 0.266002
11.5 0.813003 0.269676
11.51 0.818396 0.273315
11.52 0.823862 0.276918
11.53 0.829401 0.28048
11.54 0.83501 0.284001
11.55 0.84069 0.287478
11.56 0.84644 0.290908
11.57 0.852258 0.294288
11.58 0.858144 0.297617
11.59 0.864096 0.300891
11.6 0.870114 0.304107
11.61 0.876196 0.307264
11.62 0.882341 0.310357
11.63 0.888549 0.313385
11.64 0.894816 0.316344
11.65 0.901143 0.319231
11.66 0.907528 0.322043
11.67 0.913969 0.324777
11.68 0.920464 0.32743
11.69 0.927013 0.329999
11.7 0.933613 0.33248
11.71 0.940262 0.334871
11.72 0.94696 0.337167
11.73 0.953703 0.339366
11.74 0.96049 0.341464
11.75 0.96732 0.343457
11.76 0.974189 0.345343
11.77 0.981096 0.347118
11.78 0.988038 0.348778
11.79 0.995014 0.35032
11.8 1.00202 0.35174
11.81 1.00905 0.353035
11.82 1.01612 0.354201
11.83 1.0232 0.355235
11.84 1.0303 0.356133
11.85 1.03743 0.356893
11.86 1.04456 0.357509
11.87 1.05171 0.35798
11.88 1.05887 0.358301
11.89 1.06604 0.358469
11.9 1.07321 0.358482
11.91 1.08038 0.358335
11.92 1.08755 0.358025
11.93 1.09471 0.357551
11.94 1.10186 0.356907
11.95 1.109 0.356092
11.96 1.11612 0.355102
11.97 1.12322 0.353936
11.98 1.1303 0.352589
11.99 1.13735 0.35106
12 1.14437 0.349347
12.01 1.15136 0.347447
12.02 1.15831 0.345357
12.03 1.16521 0.343077
12.04 1.17208 0.340604
12.05 1.17889 0.337937
12.06 1.18565 0.335074
12.07 1.19235 0.332013
12.08 1.19899 0.328755
12.09 1.20556 0.325298
12.1 1.21207 0.321641
12.11 1.2185 0.317784
12.12 1.22486 0.313726
12.13 1.23113 0.309469
12.14 1.23732 0.305012
12.15 1.24342 0.300355
12.16 1.24943 0.2955
12.17 1.25534 0.290447
12.18 1.26115 0.285198
12.19 1.26685 0.279754
12.2 1.27245 0.274118
12.21 1.27793 0.26829
12.22 1.2833 0.262275
12.23 1.28854 0.256073
12.24 1.29366 0.249689
12.25 1.29866 0.243125
12.26 1.30352 0.236386
12.27 1.30825 0.229474
12.28 1.31284 0.222394
12.29 1.31728 0.21515
12.3 1.32159 0.207747
12.31 1.32574 0.20019
12.32 1.32975 0.192484
12.33 1.3336 0.184633
12.34 1.33729 0.176645
12.35 1.34082 0.168525
12.36 1.34419 0.160279
12.37 1.3474 0.151913
12.38 1.35044 0.143434
12.39 1.3533 0.134848
12.4 1.356 0.126164
12.41 1.35852 0.117388
12.42 1.36087 0.108527
12.43 1.36304 0.0995883
12.44 1.36503 0.0905806
12.45 1.36685 0.0815113
12.46 1.36848 0.0723882
12.47 1.36992 0.0632195
12.48 1.37119 0.0540133
12.49 1.37227 0.0447778
12.5 1.37316 0.0355211
12.51 1.37387 0.0262518
12.52 1.3744 0.016978
12.53 1.37474 0.00770815
12.54 1.37489 -0.00154941
12.55 1.37486 -0.0107864
12.56 1.37465 -0.0199944
12.57 1.37425 -0.0291654
12.58 1.37366 -0.0382911
12.59 1.3729 -0.0473634
12.6 1.37195 -0.0563743
12.61 1.37082 -0.0653161
12.62 1.36952 -0.0741809
12.63 1.36803 -0.0829612
12.64 1.36637 -0.0916495
12.65 1.36454 -0.100239
12.66 1.36254 -0.108721
12.67 1.36036 -0.117091
12.68 1.35802 -0.125341
12.69 1.35551 -0.133464
12.7 1.35284 -0.141455
12.71 1.35001 -0.149308
12.72 1.34703 -0.157016
12.73 1.34389 -0.164574
12.74 1.3406 -0.171977
12.75 1.33716 -0.17922
12.76 1.33357 -0.186299
12.77 1.32985 -0.193208
12.78 1.32598 -0.199944
12.79 1.32198 -0.206502
12.8 1.31785 -0.21288
12.81 1.3136 -0.219073
12.82 1.30921 -0.225079
12.83 1.30471 -0.230895
12.84 1.30009 -0.236519
12.85 1.29536 -0.241948
12.86 1.29053 -0.24718
12.87 1.28558 -0.252215
12.88 1.28054 -0.257049
12.89 1.2754 -0.261683
12.9 1.27016 -0.266115
12.91 1.26484 -0.270345
12.92 1.25943 -0.274372
12.93 1.25395 -0.278197
12.94 1.24838 -0.281819
12.95 1.24275 -0.28524
12.96 1.23704 -0.288458
12.97 1.23127 -0.291476
12.98 1.22544 -0.294294
12.99 1.21956 -0.296914
13 1.21362 -0.299337
13.01 1.20763 -0.301564
13.02 1.2016 -0.303597
13.03 1.19553 -0.305439
13.04 1.18942 -0.307091
13.05 1.18328 -0.308556
13.06 1.17711 -0.309836
13.07 1.17091 -0.310933
13.08 1.16469 -0.31185
13.09 1.15845 -0.312591
13.1 1.1522 -0.313157
13.11 1.14594 -0.313552
13.12 1.13967 -0.313779
13.13 1.13339 -0.313841
13.14 1.12712 -0.313741
13.15 1.12084 -0.313482
13.16 1.11457 -0.313069
13.17 1.10831 -0.312504
13.18 1.10206 -0.31179
13.19 1.09582 -0.310932
13.2 1.08961 -0.309933
13.21 1.08341 -0.308796
13.22 1.07723 -0.307525
13.23 1.07108 -0.306123
13.24 1.06496 -0.304595
13.25 1.05887 -0.302943
13.26 1.05281 -0.301172
13.27 1.04678 -0.299284
13.28 1.0408 -0.297284
13.29 1.03485 -0.295175
13.3 1.02895 -0.292961
13.31 1.02309 -0.290645
13.32 1.01728 -0.288231
13.33 1.01151 -0.285721
13.34 1.0058 -0.283121
13.35 1.00014 -0.280432
13.36 0.994527 -0.277659
13.37 0.988973 -0.274805
13.38 0.983477 -0.271872
13.39 0.97804 -0.268865
13.4 0.972663 -0.265786
13.41 0.967347 -0.262639
13.42 0.962094 -0.259426
13.43 0.956906 -0.256151
13.44 0.951783 -0.252817
13.45 0.946726 -0.249426
13.46 0.941738 -0.245982
13.47 0.936818 -0.242488
13.48 0.931968 -0.238945
13.49 0.927189 -0.235358
13.5 0.922482 -0.231727
13.51 0.917848 -0.228057
13.52 0.913287 -0.22435
13.53 0.9088 -0.220607
13.54 0.904387 -0.216832
13.55 0.900051 -0.213028
13.56 0.89579 -0.209195
13.57 0.891606 -0.205337
13.58 0.8875 -0.201455
13.59 0.883471 -0.197552
13.6 0.879519 -0.19363
13.61 0.875647 -0.189691
13.62 0.871853 -0.185737
13.63 0.868138 -0.18177
13.64 0.864503 -0.177792
13.65 0.860947 -0.173804
13.66 0.857471 -0.169809
13.67 0.854075 -0.165807
13.68 0.850759 -0.161801
13.69 0.847523 -0.157793
13.7 0.844367 -0.153784
13.71 0.841291 -0.149775
13.72 0.838296 -0.145768
13.73 0.83538 -0.141764
13.74 0.832545 -0.137765
13.75 0.82979 -0.133773
13.76 0.827114 -0.129788
13.77 0.824518 -0.125811
13.78 0.822002 -0.121845
13.79 0.819565 -0.11789
13.8 0.817208 -0.113947
13.81 0.814929 -0.110018
13.82 0.812728 -0.106103
13.83 0.810606 -0.102204
13.84 0.808562 -0.0983219
13.85 0.806596 -0.0944573
13.86 0.804706 -0.0906113
13.87 0.802894 -0.0867849
13.88 0.801159 -0.082979
13.89 0.799499 -0.0791944
13.9 0.797915 -0.0754321
13.91 0.796406 -0.0716929
13.92 0.794973 -0.0679774
13.93 0.793613 -0.0642866
13.94 0.792327 -0.0606212
13.95 0.791115 -0.0569819
13.96 0.789975 -0.0533694
13.97 0.788908 -0.0497843
13.98 0.787912 -0.0462275
13.99 0.786988 -0.0426995
14 0.786134 -0.0392009
14.01 0.78535 -0.0357323
14.02 0.784635 -0.0322944
14.03 0.783989 -0.0288878
14.04 0.783411 -0.0255129
14.05 0.782901 -0.0221704
14.06 0.782458 -0.0188607
14.07 0.78208 -0.0155844
14.08 0.781769 -0.012342
14.09 0.781522 -0.00913402
14.1 0.781339 -0.00596089
14.11 0.78122 -0.0028231
14.12 0.781164 0.00027889
14.13 0.781169 0.00334463
14.14 0.781236 0.00637369
14.15 0.781363 0.00936563
14.16 0.781551 0.01232
14.17 0.781797 0.0152365
14.18 0.782102 0.0181146
14.19 0.782464 0.0209539
14.2 0.782883 0.0237541
14.21 0.783358 0.0265148
14.22 0.783889 0.0292356
14.23 0.784473 0.0319161
14.24 0.785112 0.034556
14.25 0.785803 0.037155
14.26 0.786546 0.0397125
14.27 0.78734 0.0422284
14.28 0.788185 0.0447023
14.29 0.789079 0.0471338
14.3 0.790021 0.0495226
14.31 0.791012 0.0518684
14.32 0.792049 0.0541708
14.33 0.793133 0.0564296
14.34 0.794261 0.0586444
14.35 0.795434 0.060815
14.36 0.796651 0.0629409
14.37 0.797909 0.0650219
14.38 0.79921 0.0670578
14.39 0.800551 0.0690482
14.4 0.801932 0.0709928
14.41 0.803352 0.0728913
14.42 0.80481 0.0747435
14.43 0.806304 0.076549
14.44 0.807835 0.0783077
14.45 0.809402 0.0800192
14.46 0.811002 0.0816832
14.47 0.812636 0.0832996
14.48 0.814302 0.084868
14.49 0.815999 0.0863882
14.5 0.817727 0.08786
14.51 0.819484 0.0892831
14.52 0.82127 0.0906572
14.53 0.823083 0.0919822
14.54 0.824922 0.0932578
14.55 0.826788 0.0944838
14.56 0.828677 0.09566
14.57 0.83059 0.0967862
14.58 0.832526 0.0978622
14.59 0.834483 0.0988877
14.6 0.836461 0.0998626
14.61 0.838458 0.100787
14.62 0.840474 0.10166
14.63 0.842507 0.102482
14.64 0.844557 0.103253
14.65 0.846622 0.103972
14.66 0.848701 0.10464
14.67 0.850794 0.105257
14.68 0.852899 0.105821
14.69 0.855016 0.106334
14.7 0.857143 0.106794
14.71 0.859278 0.107203
14.72 0.861422 0.107559
14.73 0.863574 0.107864
14.74 0.865731 0.108116
14.75 0.867893 0.108316
14.76 0.87006 0.108463
14.77 0.872229 0.108558
14.78 0.8744 0.108601
14.79 0.876572 0.108592
14.8 0.878744 0.108531
14.81 0.880914 0.108417
14.82 0.883083 0.108252
14.83 0.885248 0.108034
14.84 0.887409 0.107765
14.85 0.889564 0.107444
14.86 0.891713 0.107071
14.87 0.893854 0.106647
14.88 0.895987 0.106171
14.89 0.89811 0.105645
14.9 0.900223 0.105067
14.91 0.902325 0.104439
14.92 0.904413 0.103761
14.93 0.906489 0.103032
14.94 0.908549 0.102254
14.95 0.910594 0.101426
14.96 0.912623 0.100549
14.97 0.914634 0.0996237
14.98 0.916626 0.0986496
14.99 0.918599 0.0976275
15 0.920552 0.0965578
15.01 0.922483 0.095441
15.02 0.924392 0.0942774
15.03 0.926277 0.0930677
15.04 0.928139 0.0918124
15.05 0.929975 0.0905118
15.06 0.931785 0.0891667
15.07 0.933569 0.0877776
15.08 0.935324 0.0863451
15.09 0.937051 0.0848699
15.1 0.938749 0.0833525
15.11 0.940416 0.0817936
15.12 0.942051 0.080194
15.13 0.943655 0.0785543
15.14 0.945226 0.0768753
15.15 0.946764 0.0751578
15.16 0.948267 0.0734024
15.17 0.949735 0.0716101
15.18 0.951167 0.0697817
15.19 0.952563 0.0679179
15.2 0.953921 0.0660197
15.21 0.955242 0.064088
15.22 0.956523 0.0621236
15.23 0.957766 0.0601275
15.24 0.958968 0.0581006
15.25 0.960131 0.0560438
15.26 0.961251 0.0539583
15.27 0.962331 0.0518448
15.28 0.963367 0.0497046
15.29 0.964362 0.0475386
15.3 0.965312 0.0453478
15.31 0.966219 0.0431333
15.32 0.967082 0.0408962
15.33 0.9679 0.0386376
15.34 0.968673 0.0363585
15.35 0.9694 0.0340602
15.36 0.970081 0.0317436
15.37 0.970716 0.02941
15.38 0.971304 0.0270606
15.39 0.971845 0.0246964
15.4 0.972339 0.0223186
15.41 0.972786 0.0199284
15.42 0.973184 0.017527
15.43 0.973535 0.0151156
15.44 0.973837 0.0126953
15.45 0.974091 0.0102674
15.46 0.974296 0.00783307
15.47 0.974453 0.00539348
15.48 0.974561 0.00294984
15.49 0.97462 0.000503363
15.5 0.97463 -0.00194475
15.51 0.974591 -0.00439329
15.52 0.974503 -0.00684106
15.53 0.974366 -0.00928687
15.54 0.974181 -0.0117295
15.55 0.973946 -0.0141678
15.56 0.973663 -0.0166006
15.57 0.973331 -0.0190266
15.58 0.97295 -0.0214448
15.59 0.972521 -0.0238539
15.6 0.972044 -0.0262529
15.61 0.971519 -0.0286405
15.62 0.970946 -0.0310156
15.63 0.970326 -0.0333771
15.64 0.969658 -0.0357239
15.65 0.968944 -0.038055
15.66 0.968183 -0.0403691
15.67 0.967375 -0.0426653
15.68 0.966522 -0.0449425
15.69 0.965623 -0.0471996
15.7 0.964679 -0.0494357
15.71 0.963691 -0.0516497
15.72 0.962658 -0.0538406
15.73 0.961581 -0.0560076
15.74 0.960461 -0.0581495
15.75 0.959298 -0.0602655
15.76 0.958092 -0.0623547
15.77 0.956845 -0.0644162
15.78 0.955557 -0.0664491
15.79 0.954228 -0.0684526
15.8 0.952859 -0.0704258
15.81 0.95145 -0.0723679
15.82 0.950003 -0.0742782
15.83 0.948517 -0.0761558
15.84 0.946994 -0.078
15.85 0.945434 -0.0798102
15.86 0.943838 -0.0815856
15.87 0.942206 -0.0833255
15.88 0.94054 -0.0850294
15.89 0.938839 -0.0866964
15.9 0.937105 -0.0883262
15.91 0.935339 -0.089918
15.92 0.93354 -0.0914714
15.93 0.931711 -0.0929857
15.94 0.929851 -0.0944606
15.95 0.927962 -0.0958954
15.96 0.926044 -0.0972897
15.97 0.924098 -0.0986432
15.98 0.922125 -0.0999553
15.99 0.920126 -0.101226
16 0.918102 -0.102454
16.01 0.916053 -0.10364
16.02 0.91398 -0.104783
16.03 0.911884 -0.105883
16.04 0.909767 -0.106939
16.05 0.907628 -0.107952
16.06 0.905469 -0.108922
16.07 0.90329 -0.109847
16.08 0.901093 -0.110727
16.09 0.898879 -0.111564
16.1 0.896648 -0.112355
16.11 0.894401 -0.113102
16.12 0.892139 -0.113804
16.13 0.889862 -0.114461
16.14 0.887573 -0.115073
16.15 0.885272 -0.11564
16.16 0.882959 -0.116161
16.17 0.880636 -0.116637
16.18 0.878303 -0.117068
16.19 0.875962 -0.117454
16.2 0.873613 -0.117795
16.21 0.871257 -0.11809
16.22 0.868895 -0.11834
16.23 0.866528 -0.118545
16.24 0.864157 -0.118705
16.25 0.861783 -0.11882
16.26 0.859407 -0.11889
16.27 0.857029 -0.118915
16.28 0.854651 -0.118896
16.29 0.852273 -0.118832
16.3 0.849896 -0.118724
16.31 0.847522 -0.118571
16.32 0.84515 -0.118375
16.33 0.842783 -0.118135
16.34 0.84042 -0.11785
16.35 0.838063 -0.117523
16.36 0.835712 -0.117152
16.37 0.833369 -0.116738
16.38 0.831035 -0.116281
16.39 0.828709 -0.115782
16.4 0.826393 -0.11524
16.41 0.824089 -0.114655
16.42 0.821795 -0.114029
16.43 0.819515 -0.113361
16.44 0.817248 -0.112652
16.45 0.814995 -0.111901
16.46 0.812757 -0.11111
16.47 0.810534 -0.110277
16.48 0.808329 -0.109405
16.49 0.806141 -0.108492
16.5 0.803971 -0.107539
16.51 0.80182 -0.106546
16.52 0.799689 -0.105514
16.53 0.797579 -0.104443
16.54 0.79549 -0.103334
16.55 0.793423 -0.102185
16.56 0.79138 -0.100999
16.57 0.78936 -0.0997742
16.58 0.787364 -0.098512
16.59 0.785394 -0.0972124
16.6 0.78345 -0.0958757
16.61 0.781532 -0.0945022
16.62 0.779642 -0.0930922
16.63 0.77778 -0.0916459
16.64 0.775947 -0.0901637
16.65 0.774144 -0.0886458
16.66 0.772371 -0.0870925
16.67 0.770629 -0.0855041
16.68 0.768919 -0.0838809
16.69 0.767242 -0.0822232
16.7 0.765597 -0.0805312
16.71 0.763987 -0.0788052
16.72 0.762411 -0.0770456
16.73 0.76087 -0.0752525
16.74 0.759365 -0.0734263
16.75 0.757896 -0.0715673
16.76 0.756465 -0.0696757
16.77 0.755071 -0.0677518
16.78 0.753716 -0.065796
16.79 0.7524 -0.0638083
16.8 0.751124 -0.0617893
16.81 0.749888 -0.059739
16.82 0.748693 -0.0576579
16.83 0.74754 -0.0555461
16.84 0.746429 -0.0534039
16.85 0.745361 -0.0512317
16.86 0.744337 -0.0490296
16.87 0.743356 -0.046798
16.88 0.74242 -0.0445372
16.89 0.741529 -0.0422474
16.9 0.740684 -0.0399288
16.91 0.739886 -0.0375819
16.92 0.739134 -0.0352067
16.93 0.73843 -0.0328037
16.94 0.737774 -0.0303731
16.95 0.737167 -0.0279152
16.96 0.736608 -0.0254302
16.97 0.7361 -0.0229185
16.98 0.735641 -0.0203803
16.99 0.735234 -0.0178159
17 0.734877 -0.0152257
17.01 0.734573 -0.0126098
17.02 0.734321 -0.0099687
17.03 0.734121 -0.00730258
17.04 0.733975 -0.00461179
17.05 0.733883 -0.00189662
17.06 0.733845 0.000842601
17.07 0.733862 0.00360556
17.08 0.733934 0.00639192
17.09 0.734062 0.00920137
17.1 0.734246 0.0120336
17.11 0.734487 0.0148881
17.12 0.734784 0.0177648
17.13 0.73514 0.0206631
17.14 0.735553 0.0235827
17.15 0.736025 0.0265233
17.16 0.736555 0.0294845
17.17 0.737145 0.0324658
17.18 0.737794 0.0354669
17.19 0.738503 0.0384874
17.2 0.739273 0.0415268
17.21 0.740104 0.0445847
17.22 0.740995 0.0476607
17.23 0.741949 0.0507543
17.24 0.742964 0.053865
17.25 0.744041 0.0569925
17.26 0.745181 0.0601361
17.27 0.746383 0.0632953
17.28 0.747649 0.0664698
17.29 0.748979 0.0696588
17.3 0.750372 0.0728619
17.31 0.751829 0.0760785
17.32 0.753351 0.0793079
17.33 0.754937 0.0825497
17.34 0.756588 0.0858032
17.35 0.758304 0.0890678
17.36 0.760085 0.0923427
17.37 0.761932 0.0956273
17.38 0.763845 0.098921
17.39 0.765823 0.102223
17.4 0.767868 0.105533
17.41 0.769978 0.108849
17.42 0.772155 0.112171
17.43 0.774399 0.115499
17.44 0.776709 0.118831
17.45 0.779085 0.122167
17.46 0.781529 0.125505
17.47 0.784039 0.128845
17.48 0.786616 0.132186
17.49 0.789259 0.135526
17.5 0.79197 0.138866
17.51 0.794747 0.142203
17.52 0.797591 0.145538
17.53 0.800502 0.148868
17.54 0.803479 0.152193
17.55 0.806523 0.155511
17.56 0.809633 0.158822
17.57 0.81281 0.162124
17.58 0.816052 0.165416
17.59 0.819361 0.168696
17.6 0.822735 0.171965
17.61 0.826174 0.175219
17.62 0.829678 0.178458
17.63 0.833247 0.18168
17.64 0.836881 0.184885
17.65 0.840579 0.18807
17.66 0.84434 0.191234
17.67 0.848165 0.194376
17.68 0.852052 0.197493
17.69 0.856002 0.200585
17.7 0.860014 0.20365
17.71 0.864087 0.206686
17.72 0.868221 0.209691
17.73 0.872414 0.212664
17.74 0.876668 0.215603
17.75 0.88098 0.218506
17.76 0.88535 0.221372
17.77 0.889777 0.224197
17.78 0.894261 0.226982
17.79 0.898801 0.229723
17.8 0.903395 0.232418
17.81 0.908044 0.235066
17.82 0.912745 0.237665
17.83 0.917498 0.240213
17.84 0.922303 0.242706
17.85 0.927157 0.245145
17.86 0.93206 0.247525
17.87 0.93701 0.249845
17.88 0.942007 0.252104
17.89 0.947049 0.254297
17.9 0.952135 0.256425
17.91 0.957264 0.258483
17.92 0.962433 0.26047
17.93 0.967643 0.262384
17.94 0.97289 0.264222
17.95 0.978175 0.265981
17.96 0.983494 0.267661
17.97 0.988848 0.269257
17.98 0.994233 0.270768
17.99 0.999648 0.272192
18 1.00509 0.273526
18.01 1.01056 0.274768
18.02 1.01606 0.275915
18.03 1.02158 0.276965
18.04 1.02712 0.277916
18.05 1.03267 0.278766
18.06 1.03825 0.279511
18.07 1.04384 0.28015
18.08 1.04944 0.280681
18.09 1.05506 0.281102
18.1 1.06068 0.281409
18.11 1.06631 0.281602
18.12 1.07194 0.281677
18.13 1.07757 0.281634
18.14 1.0832 0.281469
18.15 1.08883 0.281181
18.16 1.09446 0.280768
18.17 1.10007 0.280228
18.18 1.10568 0.279559
18.19 1.11127 0.278761
18.2 1.11684 0.27783
18.21 1.1224 0.276765
18.22 1.12794 0.275566
18.23 1.13345 0.27423
18.24 1.13893 0.272757
18.25 1.14439 0.271145
18.26 1.14981 0.269393
18.27 1.1552 0.267501
18.28 1.16055 0.265466
18.29 1.16586 0.26329
18.3 1.17112 0.260971
18.31 1.17634 0.258508
18.32 1.18151 0.255902
18.33 1.18663 0.253151
18.34 1.19169 0.250257
18.35 1.1967 0.247219
18.36 1.20164 0.244038
18.37 1.20652 0.240713
18.38 1.21134 0.237246
18.39 1.21608 0.233637
18.4 1.22076 0.229887
18.41 1.22535 0.225997
18.42 1.22987 0.221968
18.43 1.23431 0.217802
18.44 1.23867 0.2135
18.45 1.24294 0.209064
18.46 1.24712 0.204496
18.47 1.25121 0.199798
18.48 1.25521 0.194971
18.49 1.25911 0.190019
18.5 1.26291 0.184945
18.51 1.2666 0.179749
18.52 1.2702 0.174437
18.53 1.27369 0.16901
18.54 1.27707 0.163473
18.55 1.28034 0.157827
18.56 1.28349 0.152078
18.57 1.28654 0.146228
18.58 1.28946 0.140282
18.59 1.29227 0.134244
18.6 1.29495 0.128117
18.61 1.29751 0.121906
18.62 1.29995 0.115615
18.63 1.30226 0.10925
18.64 1.30445 0.102814
18.65 1.3065 0.0963121
18.66 1.30843 0.0897498
18.67 1.31023 0.0831318
18.68 1.31189 0.0764631
18.69 1.31342 0.0697489
18.7 1.31481 0.0629945
18.71 1.31607 0.056205
18.72 1.3172 0.049386
18.73 1.31818 0.0425427
18.74 1.31904 0.0356807
18.75 1.31975 0.0288054
18.76 1.32033 0.0219223
18.77 1.32076 0.015037
18.78 1.32106 0.00815495
18.79 1.32123 0.00128169
18.8 1.32125 -0.00557727
18.81 1.32114 -0.0124165
18.82 1.32089 -0.0192304
18.83 1.32051 -0.0260137
18.84 1.31999 -0.032761
18.85 1.31933 -0.039467
18.86 1.31854 -0.0461265
18.87 1.31762 -0.0527342
18.88 1.31657 -0.0592851
18.89 1.31538 -0.0657743
18.9 1.31407 -0.0721967
18.91 1.31262 -0.0785478
18.92 1.31105 -0.0848226
18.93 1.30935 -0.0910168
18.94 1.30753 -0.0971259
18.95 1.30559 -0.103146
18.96 1.30353 -0.109072
18.97 1.30135 -0.1149
18.98 1.29905 -0.120627
18.99 1.29664 -0.126249
19 1.29411 -0.131762
19.01 1.29148 -0.137163
19.02 1.28873 -0.142448
19.03 1.28588 -0.147616
19.04 1.28293 -0.152661
19.05 1.27988 -0.157583
19.06 1.27673 -0.162377
19.07 1.27348 -0.167043
19.08 1.27014 -0.171577
19.09 1.26671 -0.175978
19.1 1.26319 -0.180244
19.11 1.25958 -0.184373
19.12 1.25589 -0.188363
19.13 1.25213 -0.192213
19.14 1.24828 -0.195923
19.15 1.24436 -0.19949
19.16 1.24038 -0.202914
19.17 1.23632 -0.206195
19.18 1.23219 -0.209331
19.19 1.22801 -0.212323
19.2 1.22376 -0.21517
19.21 1.21946 -0.217872
19.22 1.2151 -0.220429
19.23 1.21069 -0.222842
19.24 1.20623 -0.22511
19.25 1.20173 -0.227235
19.26 1.19719 -0.229217
19.27 1.1926 -0.231056
19.28 1.18798 -0.232754
19.29 1.18333 -0.234311
19.3 1.17864 -0.235729
19.31 1.17393 -0.237008
19.32 1.16919 -0.238151
19.33 1.16442 -0.239158
19.34 1.15964 -0.240031
19.35 1.15484 -0.240772
19.36 1.15002 -0.241383
19.37 1.1452 -0.241864
19.38 1.14036 -0.242219
19.39 1.13551 -0.242448
19.4 1.13066 -0.242554
19.41 1.12581 -0.242539
19.42 1.12096 -0.242404
19.43 1.11611 -0.242153
19.44 1.11127 -0.241788
19.45 1.10644 -0.24131
19.46 1.10161 -0.240721
19.47 1.0968 -0.240025
19.48 1.09199 -0.239223
19.49 1.08721 -0.238318
19.5 1.08244 -0.237313
19.51 1.0777 -0.236208
19.52 1.07297 -0.235009
19.53 1.06827 -0.233715
19.54 1.0636 -0.232331
19.55 1.05895 -0.230858
19.56 1.05434 -0.229299
19.57 1.04975 -0.227656
19.58 1.0452 -0.225932
19.59 1.04068 -0.22413
19.6 1.0362 -0.222251
19.61 1.03175 -0.220298
19.62 1.02734 -0.218275
19.63 1.02298 -0.216182
19.64 1.01865 -0.214022
19.65 1.01437 -0.211799
19.66 1.01014 -0.209514
19.67 1.00595 -0.207169
19.68 1.0018 -0.204767
19.69 0.997709 -0.202311
19.7 0.993663 -0.199801
19.71 0.989667 -0.197242
19.72 0.985722 -0.194635
19.73 0.98183 -0.191981
19.74 0.97799 -0.189284
19.75 0.974204 -0.186546
19.76 0.970473 -0.183768
19.77 0.966798 -0.180953
19.78 0.963179 -0.178102
19.79 0.959617 -0.175218
19.8 0.956113 -0.172303
19.81 0.952667 -0.169359
19.82 0.949279 -0.166386
19.83 0.945952 -0.163389
19.84 0.942684 -0.160367
19.85 0.939477 -0.157324
19.86 0.93633 -0.154261
19.87 0.933245 -0.151179
19.88 0.930221 -0.14808
19.89 0.92726 -0.144967
19.9 0.92436 -0.14184
19.91 0.921524 -0.138701
19.92 0.91875 -0.135552
19.93 0.916038 -0.132394
19.94 0.913391 -0.12923
19.95 0.910806 -0.126059
19.96 0.908285 -0.122885
19.97 0.905827 -0.119707
19.98 0.903433 -0.116529
19.99 0.901102 -0.11335
