0 0.99 0
0.01 0.99 0.00319686
0.02 0.990064 0.00638564
0.03 0.990192 0.0095648
0.04 0.990383 0.0127329
0.05 0.990638 0.0158883
0.06 0.990955 0.0190295
0.07 0.991336 0.0221552
0.08 0.991779 0.0252637
0.09 0.992284 0.0283535
0.1 0.992851 0.0314233
0.11 0.99348 0.0344714
0.12 0.994169 0.0374965
0.13 0.994919 0.040497
0.14 0.995729 0.0434716
0.15 0.996599 0.0464186
0.16 0.997527 0.0493367
0.17 0.998514 0.0522245
0.18 0.999558 0.0550804
0.19 1.00066 0.057903
0.2 1.00182 0.060691
0.21 1.00303 0.0634428
0.22 1.0043 0.066157
0.23 1.00562 0.0688323
0.24 1.007 0.0714671
0.25 1.00843 0.0740602
0.26 1.00991 0.0766101
0.27 1.01144 0.0791154
0.28 1.01303 0.0815747
0.29 1.01466 0.0839867
0.3 1.01634 0.0863499
0.31 1.01806 0.0886631
0.32 1.01984 0.0909248
0.33 1.02166 0.0931338
0.34 1.02352 0.0952888
0.35 1.02542 0.0973883
0.36 1.02737 0.0994311
0.37 1.02936 0.101416
0.38 1.03139 0.103341
0.39 1.03346 0.105206
0.4 1.03556 0.10701
0.41 1.0377 0.10875
0.42 1.03987 0.110426
0.43 1.04208 0.112036
0.44 1.04432 0.11358
0.45 1.0466 0.115056
0.46 1.0489 0.116463
0.47 1.05123 0.117801
0.48 1.05358 0.119067
0.49 1.05596 0.120261
0.5 1.05837 0.121381
0.51 1.0608 0.122428
0.52 1.06324 0.123399
0.53 1.06571 0.124294
0.54 1.0682 0.125112
0.55 1.0707 0.125852
0.56 1.07322 0.126513
0.57 1.07575 0.127094
0.58 1.07829 0.127594
0.59 1.08084 0.128014
0.6 1.0834 0.128351
0.61 1.08597 0.128606
0.62 1.08854 0.128778
0.63 1.09112 0.128865
0.64 1.09369 0.128868
0.65 1.09627 0.128786
0.66 1.09885 0.128619
0.67 1.10142 0.128366
0.68 1.10399 0.128027
0.69 1.10655 0.127601
0.7 1.1091 0.127088
0.71 1.11164 0.126488
0.72 1.11417 0.125801
0.73 1.11669 0.125027
0.74 1.11919 0.124166
0.75 1.12167 0.123217
0.76 1.12414 0.122181
0.77 1.12658 0.121058
0.78 1.129 0.119847
0.79 1.1314 0.118551
0.8 1.13377 0.117168
0.81 1.13611 0.115699
0.82 1.13843 0.114144
0.83 1.14071 0.112504
0.84 1.14296 0.11078
0.85 1.14517 0.108972
0.86 1.14735 0.107081
0.87 1.14949 0.105108
0.88 1.1516 0.103053
0.89 1.15366 0.100917
0.9 1.15568 0.0987018
0.91 1.15765 0.0964078
0.92 1.15958 0.0940363
0.93 1.16146 0.0915884
0.94 1.16329 0.0890653
0.95 1.16507 0.0864683
0.96 1.1668 0.0837988
0.97 1.16848 0.0810582
0.98 1.1701 0.078248
0.99 1.17166 0.0753696
1 1.17317 0.0724248
1.01 1.17462 0.0694151
1.02 1.17601 0.0663423
1.03 1.17733 0.0632082
1.04 1.1786 0.0600146
1.05 1.1798 0.0567633
1.06 1.18093 0.0534564
1.07 1.182 0.0500957
1.08 1.18301 0.0466834
1.09 1.18394 0.0432214
1.1 1.1848 0.039712
1.11 1.1856 0.0361573
1.12 1.18632 0.0325594
1.13 1.18697 0.0289207
1.14 1.18755 0.0252434
1.15 1.18806 0.0215298
1.16 1.18849 0.0177823
1.17 1.18884 0.0140032
1.18 1.18912 0.0101948
1.19 1.18933 0.00635972
1.2 1.18945 0.00250024
1.21 1.1895 -0.00138115
1.22 1.18948 -0.00528201
1.23 1.18937 -0.00919987
1.24 1.18919 -0.0131322
1.25 1.18892 -0.0170767
1.26 1.18858 -0.0210306
1.27 1.18816 -0.0249917
1.28 1.18766 -0.0289574
1.29 1.18708 -0.0329252
1.3 1.18642 -0.0368927
1.31 1.18569 -0.0408575
1.32 1.18487 -0.0448171
1.33 1.18397 -0.0487691
1.34 1.183 -0.0527112
1.35 1.18194 -0.0566409
1.36 1.18081 -0.060556
1.37 1.1796 -0.0644541
1.38 1.17831 -0.068333
1.39 1.17694 -0.0721904
1.4 1.1755 -0.0760241
1.41 1.17398 -0.0798321
1.42 1.17238 -0.0836121
1.43 1.17071 -0.087362
1.44 1.16896 -0.09108
1.45 1.16714 -0.0947639
1.46 1.16525 -0.0984119
1.47 1.16328 -0.102022
1.48 1.16124 -0.105593
1.49 1.15912 -0.109122
1.5 1.15694 -0.112608
1.51 1.15469 -0.116049
1.52 1.15237 -0.119444
1.53 1.14998 -0.122791
1.54 1.14752 -0.126088
1.55 1.145 -0.129335
1.56 1.14242 -0.13253
1.57 1.13977 -0.135671
1.58 1.13705 -0.138757
1.59 1.13428 -0.141788
1.6 1.13144 -0.144762
1.61 1.12855 -0.147678
1.62 1.12559 -0.150535
1.63 1.12258 -0.153332
1.64 1.11952 -0.156069
1.65 1.11639 -0.158744
1.66 1.11322 -0.161357
1.67 1.10999 -0.163908
1.68 1.10671 -0.166395
1.69 1.10339 -0.168818
1.7 1.10001 -0.171178
1.71 1.09659 -0.173472
1.72 1.09312 -0.175702
1.73 1.0896 -0.177866
1.74 1.08605 -0.179965
1.75 1.08245 -0.181998
1.76 1.07881 -0.183966
1.77 1.07513 -0.185867
1.78 1.07141 -0.187704
1.79 1.06766 -0.189474
1.8 1.06387 -0.191179
1.81 1.06004 -0.192819
1.82 1.05619 -0.194393
1.83 1.0523 -0.195903
1.84 1.04838 -0.197348
1.85 1.04443 -0.198728
1.86 1.04046 -0.200045
1.87 1.03646 -0.201299
1.88 1.03243 -0.20249
1.89 1.02838 -0.203618
1.9 1.02431 -0.204685
1.91 1.02022 -0.205691
1.92 1.0161 -0.206636
1.93 1.01197 -0.207521
1.94 1.00782 -0.208346
1.95 1.00365 -0.209114
1.96 0.999469 -0.209823
1.97 0.995273 -0.210476
1.98 0.991063 -0.211072
1.99 0.986842 -0.211613
2 0.98261 -0.212099
2.01 0.978368 -0.212532
2.02 0.974117 -0.212912
2.03 0.969859 -0.21324
2.04 0.965594 -0.213517
2.05 0.961324 -0.213744
2.06 0.957049 -0.213922
2.07 0.95277 -0.214052
2.08 0.948489 -0.214134
2.09 0.944207 -0.21417
2.1 0.939923 -0.214161
2.11 0.93564 -0.214107
2.12 0.931358 -0.21401
2.13 0.927078 -0.213871
2.14 0.9228 -0.21369
2.15 0.918526 -0.213469
2.16 0.914257 -0.213209
2.17 0.909993 -0.21291
2.18 0.905735 -0.212574
2.19 0.901483 -0.212201
2.2 0.897239 -0.211793
2.21 0.893003 -0.21135
2.22 0.888776 -0.210874
2.23 0.884559 -0.210365
2.24 0.880351 -0.209825
2.25 0.876155 -0.209254
2.26 0.87197 -0.208654
2.27 0.867797 -0.208024
2.28 0.863636 -0.207367
2.29 0.859489 -0.206683
2.3 0.855355 -0.205973
2.31 0.851236 -0.205238
2.32 0.847131 -0.204479
2.33 0.843042 -0.203696
2.34 0.838968 -0.202891
2.35 0.83491 -0.202064
2.36 0.830869 -0.201216
2.37 0.826844 -0.200349
2.38 0.822837 -0.199462
2.39 0.818848 -0.198557
2.4 0.814877 -0.197634
2.41 0.810924 -0.196695
2.42 0.80699 -0.195739
2.43 0.803075 -0.194768
2.44 0.79918 -0.193782
2.45 0.795304 -0.192783
2.46 0.791449 -0.19177
2.47 0.787613 -0.190745
2.48 0.783799 -0.189707
2.49 0.780004 -0.188659
2.5 0.776231 -0.1876
2.51 0.772479 -0.186531
2.52 0.768749 -0.185452
2.53 0.76504 -0.184365
2.54 0.761352 -0.183269
2.55 0.757687 -0.182165
2.56 0.754044 -0.181055
2.57 0.750422 -0.179938
2.58 0.746824 -0.178814
2.59 0.743247 -0.177685
2.6 0.739694 -0.17655
2.61 0.736163 -0.175411
2.62 0.732655 -0.174268
2.63 0.729169 -0.17312
2.64 0.725707 -0.171969
2.65 0.722267 -0.170815
2.66 0.718851 -0.169659
2.67 0.715458 -0.168499
2.68 0.712088 -0.167338
2.69 0.708741 -0.166176
2.7 0.705418 -0.165012
2.71 0.702117 -0.163847
2.72 0.69884 -0.162681
2.73 0.695587 -0.161515
2.74 0.692357 -0.160348
2.75 0.68915 -0.159182
2.76 0.685966 -0.158016
2.77 0.682806 -0.15685
2.78 0.679669 -0.155686
2.79 0.676555 -0.154522
2.8 0.673464 -0.15336
2.81 0.670397 -0.152198
2.82 0.667353 -0.151039
2.83 0.664333 -0.149881
2.84 0.661335 -0.148725
2.85 0.65836 -0.147571
2.86 0.655409 -0.146419
2.87 0.652481 -0.145269
2.88 0.649575 -0.144121
2.89 0.646693 -0.142976
2.9 0.643833 -0.141834
2.91 0.640997 -0.140694
2.92 0.638183 -0.139556
2.93 0.635392 -0.138422
2.94 0.632623 -0.13729
2.95 0.629877 -0.13616
2.96 0.627154 -0.135034
2.97 0.624454 -0.13391
2.98 0.621775 -0.132789
2.99 0.61912 -0.131671
3 0.616486 -0.130556
3.01 0.613875 -0.129444
3.02 0.611286 -0.128334
3.03 0.608719 -0.127227
3.04 0.606175 -0.126123
3.05 0.603652 -0.125021
3.06 0.601152 -0.123922
3.07 0.598674 -0.122825
3.08 0.596217 -0.121731
3.09 0.593782 -0.12064
3.1 0.59137 -0.11955
3.11 0.588979 -0.118463
3.12 0.586609 -0.117378
3.13 0.584262 -0.116295
3.14 0.581936 -0.115213
3.15 0.579632 -0.114134
3.16 0.577349 -0.113056
3.17 0.575088 -0.11198
3.18 0.572848 -0.110905
3.19 0.57063 -0.109832
3.2 0.568434 -0.108759
3.21 0.566258 -0.107688
3.22 0.564105 -0.106617
3.23 0.561972 -0.105547
3.24 0.559861 -0.104478
3.25 0.557772 -0.103409
3.26 0.555704 -0.10234
3.27 0.553657 -0.101271
3.28 0.551631 -0.100202
3.29 0.549627 -0.0991331
3.3 0.547645 -0.0980633
3.31 0.545683 -0.0969928
3.32 0.543743 -0.0959213
3.33 0.541825 -0.0948488
3.34 0.539928 -0.093775
3.35 0.538053 -0.0926997
3.36 0.536199 -0.0916226
3.37 0.534366 -0.0905437
3.38 0.532555 -0.0894626
3.39 0.530766 -0.0883792
3.4 0.528998 -0.0872932
3.41 0.527253 -0.0862044
3.42 0.525528 -0.0851126
3.43 0.523826 -0.0840175
3.44 0.522146 -0.082919
3.45 0.520488 -0.0818168
3.46 0.518851 -0.0807106
3.47 0.517237 -0.0796003
3.48 0.515645 -0.0784855
3.49 0.514075 -0.0773661
3.5 0.512528 -0.0762418
3.51 0.511003 -0.0751124
3.52 0.509501 -0.0739775
3.53 0.508021 -0.072837
3.54 0.506565 -0.0716906
3.55 0.505131 -0.0705381
3.56 0.50372 -0.0693791
3.57 0.502332 -0.0682135
3.58 0.500968 -0.067041
3.59 0.499627 -0.0658612
3.6 0.49831 -0.064674
3.61 0.497017 -0.0634791
3.62 0.495747 -0.0622763
3.63 0.494501 -0.0610652
3.64 0.49328 -0.0598455
3.65 0.492083 -0.0586171
3.66 0.490911 -0.0573797
3.67 0.489763 -0.0561329
3.68 0.488641 -0.0548766
3.69 0.487543 -0.0536103
3.7 0.486471 -0.0523339
3.71 0.485424 -0.0510471
3.72 0.484403 -0.0497497
3.73 0.483408 -0.0484412
3.74 0.482439 -0.0471215
3.75 0.481497 -0.0457903
3.76 0.480581 -0.0444472
3.77 0.479692 -0.0430921
3.78 0.47883 -0.0417246
3.79 0.477996 -0.0403444
3.8 0.477189 -0.0389514
3.81 0.47641 -0.0375451
3.82 0.475659 -0.0361253
3.83 0.474937 -0.0346918
3.84 0.474243 -0.0332442
3.85 0.473578 -0.0317822
3.86 0.472942 -0.0303056
3.87 0.472336 -0.0288142
3.88 0.47176 -0.0273075
3.89 0.471214 -0.0257854
3.9 0.470698 -0.0242475
3.91 0.470213 -0.0226935
3.92 0.469759 -0.0211233
3.93 0.469337 -0.0195364
3.94 0.468946 -0.0179327
3.95 0.468587 -0.0163118
3.96 0.468261 -0.0146735
3.97 0.467968 -0.0130174
3.98 0.467707 -0.0113434
3.99 0.46748 -0.00965106
4 0.467287 -0.00794017
4.01 0.467129 -0.00621045
4.02 0.467004 -0.00446162
4.03 0.466915 -0.00269342
4.04 0.466861 -0.000905554
4.05 0.466843 0.000902232
4.06 0.466861 0.00273021
4.07 0.466916 0.00457866
4.08 0.467007 0.00644783
4.09 0.467136 0.00833799
4.1 0.467303 0.0102494
4.11 0.467508 0.0121824
4.12 0.467752 0.0141371
4.13 0.468035 0.0161138
4.14 0.468357 0.0181129
4.15 0.468719 0.0201344
4.16 0.469122 0.0221788
4.17 0.469565 0.0242462
4.18 0.47005 0.0263369
4.19 0.470577 0.028451
4.2 0.471146 0.030589
4.21 0.471758 0.0327509
4.22 0.472413 0.034937
4.23 0.473112 0.0371476
4.24 0.473854 0.0393828
4.25 0.474642 0.0416429
4.26 0.475475 0.0439281
4.27 0.476354 0.0462385
4.28 0.477278 0.0485745
4.29 0.47825 0.0509362
4.3 0.479269 0.0533237
4.31 0.480335 0.0557373
4.32 0.48145 0.0581772
4.33 0.482613 0.0606435
4.34 0.483826 0.0631364
4.35 0.485089 0.065656
4.36 0.486402 0.0682025
4.37 0.487766 0.0707761
4.38 0.489182 0.0733768
4.39 0.490649 0.0760049
4.4 0.492169 0.0786604
4.41 0.493742 0.0813434
4.42 0.495369 0.0840541
4.43 0.49705 0.0867926
4.44 0.498786 0.0895588
4.45 0.500577 0.092353
4.46 0.502424 0.0951751
4.47 0.504328 0.0980252
4.48 0.506288 0.100903
4.49 0.508307 0.10381
4.5 0.510383 0.106744
4.51 0.512518 0.109706
4.52 0.514712 0.112697
4.53 0.516966 0.115715
4.54 0.51928 0.118762
4.55 0.521655 0.121836
4.56 0.524092 0.124939
4.57 0.526591 0.128069
4.58 0.529152 0.131226
4.59 0.531777 0.134412
4.6 0.534465 0.137624
4.61 0.537217 0.140864
4.62 0.540035 0.144131
4.63 0.542917 0.147425
4.64 0.545866 0.150745
4.65 0.548881 0.154092
4.66 0.551962 0.157465
4.67 0.555112 0.160863
4.68 0.558329 0.164287
4.69 0.561615 0.167736
4.7 0.56497 0.17121
4.71 0.568394 0.174708
4.72 0.571888 0.17823
4.73 0.575452 0.181775
4.74 0.579088 0.185343
4.75 0.582795 0.188934
4.76 0.586573 0.192546
4.77 0.590424 0.19618
4.78 0.594348 0.199834
4.79 0.598345 0.203508
4.8 0.602415 0.207202
4.81 0.606559 0.210914
4.82 0.610777 0.214643
4.83 0.61507 0.21839
4.84 0.619438 0.222153
4.85 0.623881 0.22593
4.86 0.628399 0.229722
4.87 0.632994 0.233527
4.88 0.637664 0.237344
4.89 0.642411 0.241173
4.9 0.647235 0.245011
4.91 0.652135 0.248858
4.92 0.657112 0.252712
4.93 0.662166 0.256573
4.94 0.667298 0.260438
4.95 0.672507 0.264307
4.96 0.677793 0.268178
4.97 0.683156 0.272049
4.98 0.688597 0.275919
4.99 0.694116 0.279786
5 0.699711 0.283649
5.01 0.705384 0.287506
5.02 0.711135 0.291354
5.03 0.716962 0.295192
5.04 0.722865 0.299019
5.05 0.728846 0.302831
5.06 0.734902 0.306627
5.07 0.741035 0.310405
5.08 0.747243 0.314163
5.09 0.753526 0.317897
5.1 0.759884 0.321606
5.11 0.766316 0.325288
5.12 0.772822 0.328939
5.13 0.779401 0.332557
5.14 0.786052 0.33614
5.15 0.792775 0.339684
5.16 0.799569 0.343187
5.17 0.806432 0.346646
5.18 0.813365 0.350058
5.19 0.820366 0.353419
5.2 0.827435 0.356727
5.21 0.834569 0.359979
5.22 0.841769 0.36317
5.23 0.849032 0.366298
5.24 0.856358 0.36936
5.25 0.863746 0.372351
5.26 0.871193 0.375268
5.27 0.878698 0.378107
5.28 0.88626 0.380865
5.29 0.893877 0.383538
5.3 0.901548 0.386122
5.31 0.909271 0.388613
5.32 0.917043 0.391007
5.33 0.924863 0.393299
5.34 0.932729 0.395487
5.35 0.940639 0.397566
5.36 0.94859 0.399531
5.37 0.956581 0.401378
5.38 0.964608 0.403103
5.39 0.97267 0.404702
5.4 0.980764 0.406171
5.41 0.988888 0.407504
5.42 0.997038 0.408698
5.43 1.00521 0.409748
5.44 1.01341 0.41065
5.45 1.02162 0.4114
5.46 1.02985 0.411993
5.47 1.03809 0.412425
5.48 1.04634 0.412691
5.49 1.05459 0.412788
5.5 1.06285 0.41271
5.51 1.0711 0.412455
5.52 1.07935 0.412017
5.53 1.08759 0.411393
5.54 1.09582 0.410578
5.55 1.10403 0.40957
5.56 1.11222 0.408363
5.57 1.12039 0.406956
5.58 1.12853 0.405343
5.59 1.13663 0.403521
5.6 1.1447 0.401488
5.61 1.15273 0.399241
5.62 1.16072 0.396776
5.63 1.16865 0.39409
5.64 1.17654 0.391182
5.65 1.18436 0.388049
5.66 1.19212 0.384688
5.67 1.19981 0.381098
5.68 1.20744 0.377278
5.69 1.21498 0.373225
5.7 1.22245 0.368939
5.71 1.22982 0.36442
5.72 1.23711 0.359665
5.73 1.24431 0.354676
5.74 1.2514 0.349452
5.75 1.25839 0.343993
5.76 1.26527 0.338301
5.77 1.27203 0.332376
5.78 1.27868 0.326219
5.79 1.28521 0.319833
5.8 1.2916 0.313219
5.81 1.29787 0.306379
5.82 1.304 0.299317
5.83 1.30998 0.292035
5.84 1.31582 0.284538
5.85 1.32151 0.276828
5.86 1.32705 0.26891
5.87 1.33243 0.260788
5.88 1.33764 0.252468
5.89 1.34269 0.243955
5.9 1.34757 0.235254
5.91 1.35228 0.226371
5.92 1.3568 0.217313
5.93 1.36115 0.208087
5.94 1.36531 0.198698
5.95 1.36929 0.189155
5.96 1.37307 0.179465
5.97 1.37666 0.169637
5.98 1.38005 0.159678
5.99 1.38325 0.149596
6 1.38624 0.139401
6.01 1.38903 0.129102
6.02 1.39161 0.118707
6.03 1.39398 0.108226
6.04 1.39615 0.0976685
6.05 1.3981 0.0870446
6.06 1.39984 0.0763639
6.07 1.40137 0.0656364
6.08 1.40268 0.0548724
6.09 1.40378 0.0440819
6.1 1.40466 0.0332752
6.11 1.40532 0.0224627
6.12 1.40577 0.0116548
6.13 1.40601 0.000861661
6.14 1.40602 -0.00990628
6.15 1.40583 -0.0206388
6.16 1.40541 -0.0313257
6.17 1.40479 -0.0419568
6.18 1.40395 -0.0525221
6.19 1.4029 -0.0630119
6.2 1.40164 -0.0734162
6.21 1.40017 -0.0837257
6.22 1.39849 -0.0939308
6.23 1.39662 -0.104023
6.24 1.39454 -0.113992
6.25 1.39226 -0.12383
6.26 1.38978 -0.133529
6.27 1.38711 -0.14308
6.28 1.38425 -0.152475
6.29 1.3812 -0.161708
6.3 1.37796 -0.17077
6.31 1.37455 -0.179654
6.32 1.37095 -0.188355
6.33 1.36719 -0.196865
6.34 1.36325 -0.205179
6.35 1.35915 -0.213291
6.36 1.35488 -0.221196
6.37 1.35046 -0.228889
6.38 1.34588 -0.236366
6.39 1.34115 -0.243622
6.4 1.33628 -0.250653
6.41 1.33127 -0.257457
6.42 1.32612 -0.26403
6.43 1.32084 -0.270369
6.44 1.31543 -0.276472
6.45 1.3099 -0.282338
6.46 1.30425 -0.287964
6.47 1.29849 -0.293349
6.48 1.29263 -0.298492
6.49 1.28666 -0.303393
6.5 1.28059 -0.308051
6.51 1.27443 -0.312466
6.52 1.26818 -0.316639
6.53 1.26185 -0.32057
6.54 1.25543 -0.32426
6.55 1.24895 -0.32771
6.56 1.2424 -0.330922
6.57 1.23578 -0.333897
6.58 1.2291 -0.336637
6.59 1.22237 -0.339145
6.6 1.21558 -0.341422
6.61 1.20875 -0.343471
6.62 1.20189 -0.345296
6.63 1.19498 -0.346898
6.64 1.18804 -0.348281
6.65 1.18108 -0.349449
6.66 1.17409 -0.350404
6.67 1.16708 -0.35115
6.68 1.16006 -0.351692
6.69 1.15302 -0.352032
6.7 1.14598 -0.352175
6.71 1.13894 -0.352124
6.72 1.1319 -0.351885
6.73 1.12486 -0.35146
6.74 1.11783 -0.350854
6.75 1.11081 -0.350071
6.76 1.10381 -0.349116
6.77 1.09683 -0.347993
6.78 1.08987 -0.346707
6.79 1.08293 -0.345261
6.8 1.07603 -0.343661
6.81 1.06916 -0.34191
6.82 1.06232 -0.340014
6.83 1.05552 -0.337976
6.84 1.04876 -0.335801
6.85 1.04204 -0.333493
6.86 1.03537 -0.331057
6.87 1.02875 -0.328496
6.88 1.02218 -0.325816
6.89 1.01566 -0.323021
6.9 1.0092 -0.320115
6.91 1.0028 -0.317101
6.92 0.996459 -0.313984
6.93 0.990179 -0.310769
6.94 0.983964 -0.307458
6.95 0.977815 -0.304057
6.96 0.971734 -0.300569
6.97 0.965722 -0.296997
6.98 0.959782 -0.293346
6.99 0.953915 -0.289619
7 0.948123 -0.28582
7.01 0.942407 -0.281952
7.02 0.936768 -0.278019
7.03 0.931207 -0.274024
7.04 0.925727 -0.269971
7.05 0.920327 -0.265863
7.06 0.91501 -0.261702
7.07 0.909776 -0.257493
7.08 0.904626 -0.253238
7.09 0.899562 -0.248939
7.1 0.894583 -0.244601
7.11 0.889691 -0.240226
7.12 0.884886 -0.235816
7.13 0.88017 -0.231374
7.14 0.875542 -0.226903
7.15 0.871004 -0.222405
7.16 0.866556 -0.217883
7.17 0.862199 -0.213339
7.18 0.857932 -0.208776
7.19 0.853756 -0.204195
7.2 0.849672 -0.199599
7.21 0.84568 -0.19499
7.22 0.841781 -0.19037
7.23 0.837973 -0.185741
7.24 0.834258 -0.181105
7.25 0.830636 -0.176463
7.26 0.827107 -0.171819
7.27 0.823671 -0.167172
7.28 0.820327 -0.162526
7.29 0.817077 -0.157881
7.3 0.813919 -0.15324
7.31 0.810854 -0.148604
7.32 0.807882 -0.143974
7.33 0.805003 -0.139351
7.34 0.802216 -0.134738
7.35 0.799521 -0.130136
7.36 0.796918 -0.125545
7.37 0.794407 -0.120967
7.38 0.791988 -0.116404
7.39 0.78966 -0.111856
7.4 0.787423 -0.107324
7.41 0.785276 -0.102811
7.42 0.78322 -0.0983162
7.43 0.781254 -0.0938413
7.44 0.779377 -0.0893872
7.45 0.777589 -0.0849549
7.46 0.77589 -0.0805454
7.47 0.774279 -0.0761596
7.48 0.772756 -0.0717982
7.49 0.77132 -0.0674623
7.5 0.769971 -0.0631526
7.51 0.768708 -0.0588698
7.52 0.76753 -0.0546149
7.53 0.766438 -0.0503885
7.54 0.76543 -0.0461914
7.55 0.764506 -0.0420243
7.56 0.763666 -0.0378879
7.57 0.762908 -0.0337829
7.58 0.762232 -0.0297098
7.59 0.761638 -0.0256695
7.6 0.761125 -0.0216624
7.61 0.760692 -0.0176892
7.62 0.760338 -0.0137505
7.63 0.760063 -0.00984688
7.64 0.759866 -0.00597891
7.65 0.759746 -0.00214714
7.66 0.759703 0.00164786
7.67 0.759736 0.00540558
7.68 0.759844 0.00912546
7.69 0.760027 0.012807
7.7 0.760283 0.0164497
7.71 0.760612 0.020053
7.72 0.761013 0.0236164
7.73 0.761486 0.0271395
7.74 0.762028 0.0306217
7.75 0.762641 0.0340625
7.76 0.763322 0.0374616
7.77 0.764071 0.0408183
7.78 0.764888 0.0441323
7.79 0.76577 0.0474031
7.8 0.766718 0.0506301
7.81 0.767731 0.053813
7.82 0.768807 0.0569512
7.83 0.769946 0.0600443
7.84 0.771147 0.0630919
7.85 0.772409 0.0660934
7.86 0.773731 0.0690485
7.87 0.775112 0.0719566
7.88 0.776551 0.0748173
7.89 0.778047 0.0776301
7.9 0.7796 0.0803946
7.91 0.781208 0.0831104
7.92 0.78287 0.0857768
7.93 0.784585 0.0883936
7.94 0.786353 0.0909602
7.95 0.788173 0.0934761
7.96 0.790042 0.0959409
7.97 0.791961 0.0983542
7.98 0.793928 0.100715
7.99 0.795942 0.103024
8 0.798003 0.10528
8.01 0.800108 0.107482
8.02 0.802258 0.109631
8.03 0.804451 0.111724
8.04 0.806685 0.113764
8.05 0.80896 0.115747
8.06 0.811275 0.117675
8.07 0.813629 0.119547
8.08 0.81602 0.121362
8.09 0.818447 0.12312
8.1 0.820909 0.12482
8.11 0.823406 0.126462
8.12 0.825935 0.128046
8.13 0.828496 0.12957
8.14 0.831087 0.131035
8.15 0.833708 0.13244
8.16 0.836357 0.133785
8.17 0.839033 0.135069
8.18 0.841734 0.136291
8.19 0.84446 0.137452
8.2 0.847209 0.138551
8.21 0.84998 0.139587
8.22 0.852772 0.14056
8.23 0.855583 0.14147
8.24 0.858412 0.142317
8.25 0.861259 0.143099
8.26 0.864121 0.143817
8.27 0.866997 0.14447
8.28 0.869886 0.145057
8.29 0.872787 0.145579
8.3 0.875699 0.146036
8.31 0.87862 0.146426
8.32 0.881548 0.14675
8.33 0.884483 0.147007
8.34 0.887423 0.147198
8.35 0.890367 0.147321
8.36 0.893314 0.147376
8.37 0.896261 0.147364
8.38 0.899209 0.147285
8.39 0.902154 0.147137
8.4 0.905097 0.146921
8.41 0.908035 0.146637
8.42 0.910968 0.146285
8.43 0.913894 0.145865
8.44 0.916811 0.145376
8.45 0.919719 0.144818
8.46 0.922615 0.144192
8.47 0.925499 0.143498
8.48 0.928369 0.142736
8.49 0.931224 0.141905
8.5 0.934062 0.141007
8.51 0.936882 0.14004
8.52 0.939683 0.139006
8.53 0.942463 0.137904
8.54 0.945221 0.136735
8.55 0.947955 0.135499
8.56 0.950665 0.134197
8.57 0.953349 0.132828
8.58 0.956006 0.131393
8.59 0.958634 0.129893
8.6 0.961232 0.128328
8.61 0.963798 0.126698
8.62 0.966332 0.125005
8.63 0.968832 0.123248
8.64 0.971297 0.121429
8.65 0.973726 0.119547
8.66 0.976117 0.117604
8.67 0.978469 0.1156
8.68 0.980781 0.113537
8.69 0.983052 0.111414
8.7 0.98528 0.109233
8.71 0.987465 0.106995
8.72 0.989604 0.104701
8.73 0.991698 0.102351
8.74 0.993745 0.0999461
8.75 0.995744 0.0974882
8.76 0.997694 0.094978
8.77 0.999594 0.0924166
8.78 1.00144 0.0898052
8.79 1.00324 0.0871449
8.8 1.00498 0.084437
8.81 1.00667 0.0816827
8.82 1.0083 0.0788833
8.83 1.00988 0.0760401
8.84 1.0114 0.0731546
8.85 1.01287 0.070228
8.86 1.01427 0.0672619
8.87 1.01561 0.0642577
8.88 1.0169 0.0612169
8.89 1.01812 0.0581409
8.9 1.01929 0.0550313
8.91 1.02039 0.0518897
8.92 1.02143 0.0487177
8.93 1.0224 0.0455169
8.94 1.02331 0.0422889
8.95 1.02416 0.0390354
8.96 1.02494 0.035758
8.97 1.02565 0.0324585
8.98 1.0263 0.0291385
8.99 1.02688 0.0257998
9 1.0274 0.022444
9.01 1.02785 0.0190731
9.02 1.02823 0.0156886
9.03 1.02854 0.0122924
9.04 1.02879 0.00888632
9.05 1.02897 0.00547201
9.06 1.02908 0.00205131
9.07 1.02912 -0.00137401
9.08 1.02909 -0.00480215
9.09 1.02899 -0.00823135
9.1 1.02883 -0.0116598
9.11 1.0286 -0.0150858
9.12 1.02829 -0.0185075
9.13 1.02792 -0.0219232
9.14 1.02749 -0.0253311
9.15 1.02698 -0.0287295
9.16 1.02641 -0.0321167
9.17 1.02576 -0.035491
9.18 1.02505 -0.0388506
9.19 1.02428 -0.042194
9.2 1.02343 -0.0455194
9.21 1.02252 -0.0488252
9.22 1.02155 -0.0521098
9.23 1.0205 -0.0553716
9.24 1.0194 -0.058609
9.25 1.01822 -0.0618206
9.26 1.01699 -0.0650048
9.27 1.01569 -0.06816
9.28 1.01432 -0.071285
9.29 1.0129 -0.0743782
9.3 1.01141 -0.0774382
9.31 1.00986 -0.0804638
9.32 1.00825 -0.0834535
9.33 1.00658 -0.0864061
9.34 1.00486 -0.0893203
9.35 1.00307 -0.0921949
9.36 1.00122 -0.0950288
9.37 0.999324 -0.0978207
9.38 0.997368 -0.10057
9.39 0.995356 -0.103274
9.4 0.993291 -0.105934
9.41 0.991172 -0.108548
9.42 0.989001 -0.111114
9.43 0.986779 -0.113633
9.44 0.984506 -0.116102
9.45 0.982184 -0.118522
9.46 0.979814 -0.120892
9.47 0.977396 -0.12321
9.48 0.974932 -0.125477
9.49 0.972422 -0.12769
9.5 0.969868 -0.129851
9.51 0.967271 -0.131957
9.52 0.964632 -0.13401
9.53 0.961952 -0.136007
9.54 0.959232 -0.137949
9.55 0.956473 -0.139835
9.56 0.953676 -0.141665
9.57 0.950843 -0.143438
9.58 0.947974 -0.145154
9.59 0.945071 -0.146814
9.6 0.942135 -0.148415
9.61 0.939167 -0.149959
9.62 0.936167 -0.151445
9.63 0.933139 -0.152873
9.64 0.930081 -0.154243
9.65 0.926996 -0.155555
9.66 0.923885 -0.156808
9.67 0.920749 -0.158003
9.68 0.917589 -0.15914
9.69 0.914406 -0.160218
9.7 0.911202 -0.161239
9.71 0.907977 -0.162201
9.72 0.904733 -0.163105
9.73 0.901471 -0.163951
9.74 0.898192 -0.16474
9.75 0.894897 -0.165471
9.76 0.891588 -0.166144
9.77 0.888265 -0.166761
9.78 0.884929 -0.167321
9.79 0.881583 -0.167824
9.8 0.878227 -0.168271
9.81 0.874861 -0.168662
9.82 0.871488 -0.168997
9.83 0.868108 -0.169277
9.84 0.864722 -0.169503
9.85 0.861332 -0.169673
9.86 0.857939 -0.16979
9.87 0.854543 -0.169853
9.88 0.851146 -0.169862
9.89 0.847749 -0.169819
9.9 0.844352 -0.169723
9.91 0.840958 -0.169575
9.92 0.837566 -0.169375
9.93 0.834179 -0.169125
9.94 0.830796 -0.168823
9.95 0.82742 -0.168472
9.96 0.824051 -0.168071
9.97 0.820689 -0.16762
9.98 0.817337 -0.167121
9.99 0.813994 -0.166574
10 0.810663 -0.165979
10.01 0.807343 -0.165336
10.02 0.804037 -0.164647
10.03 0.800744 -0.163912
10.04 0.797465 -0.163131
10.05 0.794203 -0.162304
10.06 0.790957 -0.161433
10.07 0.787728 -0.160518
10.08 0.784518 -0.159559
10.09 0.781326 -0.158557
10.1 0.778155 -0.157512
10.11 0.775005 -0.156425
10.12 0.771877 -0.155295
10.13 0.768771 -0.154125
10.14 0.765688 -0.152914
10.15 0.76263 -0.151662
10.16 0.759597 -0.150371
10.17 0.756589 -0.14904
10.18 0.753608 -0.14767
10.19 0.750655 -0.146262
10.2 0.74773 -0.144815
10.21 0.744834 -0.143331
10.22 0.741967 -0.14181
10.23 0.739131 -0.140252
10.24 0.736326 -0.138657
10.25 0.733553 -0.137027
10.26 0.730812 -0.135361
10.27 0.728105 -0.13366
10.28 0.725432 -0.131924
10.29 0.722793 -0.130154
10.3 0.72019 -0.128349
10.31 0.717623 -0.126511
10.32 0.715093 -0.12464
10.33 0.7126 -0.122736
10.34 0.710145 -0.120799
10.35 0.707729 -0.11883
10.36 0.705353 -0.116829
10.37 0.703016 -0.114796
10.38 0.70072 -0.112733
10.39 0.698466 -0.110638
10.4 0.696253 -0.108512
10.41 0.694083 -0.106356
10.42 0.691955 -0.10417
10.43 0.689872 -0.101954
10.44 0.687833 -0.0997079
10.45 0.685839 -0.0974328
10.46 0.68389 -0.0951287
10.47 0.681988 -0.0927956
10.48 0.680132 -0.090434
10.49 0.678323 -0.0880439
10.5 0.676562 -0.0856257
10.51 0.67485 -0.0831795
10.52 0.673186 -0.0807056
10.53 0.671572 -0.0782041
10.54 0.670008 -0.0756753
10.55 0.668494 -0.0731193
10.56 0.667032 -0.0705364
10.57 0.665621 -0.0679267
10.58 0.664263 -0.0652904
10.59 0.662957 -0.0626277
10.6 0.661704 -0.0599387
10.61 0.660506 -0.0572236
10.62 0.659361 -0.0544826
10.63 0.658271 -0.0517158
10.64 0.657237 -0.0489233
10.65 0.656259 -0.0461055
10.66 0.655337 -0.0432623
10.67 0.654471 -0.0403939
10.68 0.653663 -0.0375005
10.69 0.652913 -0.0345823
10.7 0.652222 -0.0316392
10.71 0.651589 -0.0286716
10.72 0.651016 -0.0256796
10.73 0.650502 -0.0226632
10.74 0.650049 -0.0196227
10.75 0.649656 -0.0165581
10.76 0.649325 -0.0134696
10.77 0.649056 -0.0103574
10.78 0.648849 -0.00722165
10.79 0.648704 -0.00406241
10.8 0.648623 -0.000879879
10.81 0.648605 0.00232579
10.82 0.648652 0.00555444
10.83 0.648763 0.0088059
10.84 0.648939 0.01208
10.85 0.649181 0.0153766
10.86 0.649488 0.0186955
10.87 0.649862 0.0220365
10.88 0.650303 0.0253994
10.89 0.650811 0.028784
10.9 0.651386 0.0321902
10.91 0.65203 0.0356176
10.92 0.652743 0.0390662
10.93 0.653524 0.0425355
10.94 0.654375 0.0460255
10.95 0.655295 0.0495358
10.96 0.656286 0.0530662
10.97 0.657347 0.0566164
10.98 0.658479 0.0601861
10.99 0.659683 0.063775
11 0.660959 0.0673828
11.01 0.662306 0.0710092
11.02 0.663727 0.0746538
11.03 0.66522 0.0783162
11.04 0.666786 0.0819961
11.05 0.668426 0.0856931
11.06 0.67014 0.0894067
11.07 0.671928 0.0931366
11.08 0.673791 0.0968822
11.09 0.675728 0.100643
11.1 0.677741 0.104419
11.11 0.679829 0.108209
11.12 0.681994 0.112013
11.13 0.684234 0.11583
11.14 0.686551 0.119659
11.15 0.688944 0.123501
11.16 0.691414 0.127354
11.17 0.693961 0.131217
11.18 0.696585 0.135091
11.19 0.699287 0.138973
11.2 0.702066 0.142865
11.21 0.704924 0.146764
11.22 0.707859 0.15067
11.23 0.710872 0.154581
11.24 0.713964 0.158499
11.25 0.717134 0.16242
11.26 0.720382 0.166345
11.27 0.723709 0.170271
11.28 0.727115 0.1742
11.29 0.730599 0.178128
11.3 0.734161 0.182056
11.31 0.737802 0.185981
11.32 0.741522 0.189903
11.33 0.74532 0.193821
11.34 0.749196 0.197733
11.35 0.753151 0.201638
11.36 0.757184 0.205535
11.37 0.761295 0.209422
11.38 0.765483 0.213297
11.39 0.769749 0.21716
11.4 0.774092 0.221009
11.41 0.778512 0.224841
11.42 0.783009 0.228657
11.43 0.787582 0.232453
11.44 0.792231 0.236227
11.45 0.796956 0.23998
11.46 0.801756 0.243707
11.47 0.80663 0.247408
11.48 0.811578 0.251081
11.49 0.816599 0.254723
11.5 0.821694 0.258332
11.51 0.826861 0.261907
11.52 0.832099 0.265445
11.53 0.837408 0.268944
11.54 0.842786 0.272402
11.55 0.848234 0.275815
11.56 0.853751 0.279183
11.57 0.859334 0.282502
11.58 0.864985 0.285771
11.59 0.8707 0.288985
11.6 0.87648 0.292144
11.61 0.882322 0.295243
11.62 0.888227 0.298281
11.63 0.894193 0.301255
11.64 0.900218 0.304162
11.65 0.906301 0.306998
11.66 0.912441 0.309762
11.67 0.918637 0.31245
11.68 0.924885 0.315059
11.69 0.931187 0.317586
11.7 0.937538 0.320028
11.71 0.943939 0.322382
11.72 0.950387 0.324645
11.73 0.95688 0.326814
11.74 0.963416 0.328885
11.75 0.969993 0.330855
11.76 0.976611 0.332721
11.77 0.983265 0.33448
11.78 0.989955 0.336128
11.79 0.996677 0.337663
11.8 1.00343 0.33908
11.81 1.01021 0.340376
11.82 1.01702 0.341549
11.83 1.02385 0.342594
11.84 1.0307 0.343509
11.85 1.03757 0.34429
11.86 1.04446 0.344935
11.87 1.05136 0.345439
11.88 1.05827 0.345799
11.89 1.06518 0.346013
11.9 1.0721 0.346078
11.91 1.07902 0.34599
11.92 1.08594 0.345746
11.93 1.09286 0.345343
11.94 1.09977 0.344779
11.95 1.10666 0.344051
11.96 1.11354 0.343156
11.97 1.1204 0.342091
11.98 1.12725 0.340854
11.99 1.13406 0.339443
12 1.14085 0.337856
12.01 1.14761 0.33609
12.02 1.15433 0.334143
12.03 1.16101 0.332013
12.04 1.16765 0.3297
12.05 1.17425 0.3272
12.06 1.18079 0.324514
12.07 1.18728 0.321639
12.08 1.19372 0.318575
12.09 1.20009 0.315321
12.1 1.20639 0.311877
12.11 1.21263 0.308241
12.12 1.2188 0.304413
12.13 1.22488 0.300395
12.14 1.23089 0.296185
12.15 1.23682 0.291785
12.16 1.24265 0.287195
12.17 1.2484 0.282416
12.18 1.25404 0.277449
12.19 1.25959 0.272295
12.2 1.26504 0.266957
12.21 1.27038 0.261437
12.22 1.27561 0.255735
12.23 1.28072 0.249856
12.24 1.28572 0.243801
12.25 1.29059 0.237574
12.26 1.29535 0.231178
12.27 1.29997 0.224616
12.28 1.30446 0.217892
12.29 1.30882 0.21101
12.3 1.31304 0.203975
12.31 1.31712 0.196791
12.32 1.32106 0.189463
12.33 1.32484 0.181995
12.34 1.32848 0.174393
12.35 1.33197 0.166663
12.36 1.33531 0.15881
12.37 1.33848 0.15084
12.38 1.3415 0.14276
12.39 1.34435 0.134575
12.4 1.34705 0.126292
12.41 1.34957 0.117918
12.42 1.35193 0.10946
12.43 1.35412 0.100925
12.44 1.35614 0.0923198
12.45 1.35798 0.0836519
12.46 1.35966 0.0749287
12.47 1.36116 0.0661578
12.48 1.36248 0.0573467
12.49 1.36363 0.0485033
12.5 1.3646 0.0396352
12.51 1.36539 0.0307504
12.52 1.366 0.0218565
12.53 1.36644 0.0129616
12.54 1.3667 0.00407354
12.55 1.36678 -0.00479989
12.56 1.36668 -0.0136508
12.57 1.36641 -0.0224714
12.58 1.36596 -0.031254
12.59 1.36534 -0.0399908
12.6 1.36454 -0.0486744
12.61 1.36356 -0.0572971
12.62 1.36242 -0.0658516
12.63 1.3611 -0.0743306
12.64 1.35961 -0.0827271
12.65 1.35796 -0.0910341
12.66 1.35614 -0.0992447
12.67 1.35415 -0.107352
12.68 1.35201 -0.115351
12.69 1.3497 -0.123233
12.7 1.34724 -0.130994
12.71 1.34462 -0.138627
12.72 1.34184 -0.146127
12.73 1.33892 -0.153489
12.74 1.33585 -0.160707
12.75 1.33264 -0.167776
12.76 1.32928 -0.174692
12.77 1.32579 -0.18145
12.78 1.32216 -0.188047
12.79 1.3184 -0.194477
12.8 1.31451 -0.200738
12.81 1.31049 -0.206827
12.82 1.30636 -0.21274
12.83 1.3021 -0.218473
12.84 1.29773 -0.224026
12.85 1.29325 -0.229395
12.86 1.28866 -0.234578
12.87 1.28397 -0.239574
12.88 1.27918 -0.244381
12.89 1.27429 -0.248997
12.9 1.26931 -0.253422
12.91 1.26424 -0.257655
12.92 1.25909 -0.261694
12.93 1.25386 -0.265541
12.94 1.24855 -0.269195
12.95 1.24316 -0.272655
12.96 1.23771 -0.275923
12.97 1.23219 -0.278999
12.98 1.22661 -0.281883
12.99 1.22097 -0.284577
13 1.21528 -0.287081
13.01 1.20954 -0.289397
13.02 1.20375 -0.291527
13.03 1.19792 -0.293472
13.04 1.19205 -0.295234
13.05 1.18615 -0.296814
13.06 1.18021 -0.298216
13.07 1.17425 -0.299441
13.08 1.16826 -0.300491
13.09 1.16225 -0.301369
13.1 1.15622 -0.302078
13.11 1.15018 -0.302621
13.12 1.14413 -0.302999
13.13 1.13807 -0.303217
13.14 1.132 -0.303277
13.15 1.12594 -0.303181
13.16 1.11987 -0.302934
13.17 1.11382 -0.302538
13.18 1.10776 -0.301996
13.19 1.10172 -0.301312
13.2 1.0957 -0.30049
13.21 1.08969 -0.299531
13.22 1.0837 -0.29844
13.23 1.07773 -0.297221
13.24 1.07178 -0.295876
13.25 1.06587 -0.294408
13.26 1.05998 -0.292823
13.27 1.05412 -0.291121
13.28 1.0483 -0.289308
13.29 1.04251 -0.287387
13.3 1.03677 -0.28536
13.31 1.03106 -0.283232
13.32 1.02539 -0.281005
13.33 1.01977 -0.278683
13.34 1.0142 -0.27627
13.35 1.00868 -0.273768
13.36 1.0032 -0.271181
13.37 0.997776 -0.268512
13.38 0.992406 -0.265764
13.39 0.987091 -0.262941
13.4 0.981832 -0.260045
13.41 0.976631 -0.257079
13.42 0.97149 -0.254047
13.43 0.966409 -0.250952
13.44 0.96139 -0.247796
13.45 0.956434 -0.244582
13.46 0.951542 -0.241313
13.47 0.946716 -0.237992
13.48 0.941956 -0.234622
13.49 0.937263 -0.231205
13.5 0.932639 -0.227743
13.51 0.928085 -0.22424
13.52 0.9236 -0.220698
13.53 0.919186 -0.21712
13.54 0.914843 -0.213507
13.55 0.910573 -0.209862
13.56 0.906376 -0.206188
13.57 0.902252 -0.202486
13.58 0.898202 -0.198759
13.59 0.894227 -0.195009
13.6 0.890327 -0.191238
13.61 0.886502 -0.187448
13.62 0.882753 -0.183641
13.63 0.879081 -0.17982
13.64 0.875484 -0.175985
13.65 0.871964 -0.172138
13.66 0.868522 -0.168283
13.67 0.865156 -0.164419
13.68 0.861868 -0.160549
13.69 0.858657 -0.156675
13.7 0.855523 -0.152798
13.71 0.852467 -0.14892
13.72 0.849489 -0.145042
13.73 0.846588 -0.141166
13.74 0.843765 -0.137292
13.75 0.841019 -0.133423
13.76 0.83835 -0.12956
13.77 0.835759 -0.125704
13.78 0.833245 -0.121857
13.79 0.830808 -0.118019
13.8 0.828448 -0.114192
13.81 0.826164 -0.110377
13.82 0.823956 -0.106575
13.83 0.821825 -0.102787
13.84 0.819769 -0.0990141
13.85 0.817789 -0.0952577
13.86 0.815884 -0.0915185
13.87 0.814053 -0.0877975
13.88 0.812297 -0.0840957
13.89 0.810615 -0.0804139
13.9 0.809007 -0.076753
13.91 0.807472 -0.073114
13.92 0.80601 -0.0694975
13.93 0.80462 -0.0659045
13.94 0.803302 -0.0623356
13.95 0.802055 -0.0587917
13.96 0.800879 -0.0552735
13.97 0.799774 -0.0517817
13.98 0.798738 -0.048317
13.99 0.797772 -0.0448801
14 0.796874 -0.0414716
14.01 0.796045 -0.0380922
14.02 0.795283 -0.0347424
14.03 0.794588 -0.031423
14.04 0.793959 -0.0281344
14.05 0.793397 -0.0248772
14.06 0.792899 -0.0216521
14.07 0.792466 -0.0184595
14.08 0.792097 -0.0152999
14.09 0.791791 -0.012174
14.1 0.791548 -0.0090821
14.11 0.791366 -0.0060248
14.12 0.791245 -0.00300254
14.13 0.791185 -1.57951e-05
14.14 0.791185 0.00293498
14.15 0.791244 0.00584933
14.16 0.791361 0.00872684
14.17 0.791535 0.0115671
14.18 0.791767 0.0143696
14.19 0.792054 0.017134
14.2 0.792397 0.01986
14.21 0.792794 0.022547
14.22 0.793245 0.0251947
14.23 0.793749 0.0278028
14.24 0.794305 0.0303709
14.25 0.794912 0.0328985
14.26 0.79557 0.0353855
14.27 0.796278 0.0378313
14.28 0.797034 0.0402356
14.29 0.797839 0.0425982
14.3 0.798691 0.0449187
14.31 0.799589 0.0471967
14.32 0.800533 0.0494319
14.33 0.801522 0.0516241
14.34 0.802555 0.0537728
14.35 0.80363 0.0558779
14.36 0.804748 0.0579389
14.37 0.805906 0.0599557
14.38 0.807105 0.0619278
14.39 0.808344 0.0638551
14.4 0.809621 0.0657372
14.41 0.810936 0.0675738
14.42 0.812287 0.0693648
14.43 0.813675 0.0711097
14.44 0.815097 0.0728084
14.45 0.816553 0.0744606
14.46 0.818042 0.0760661
14.47 0.819564 0.0776245
14.48 0.821116 0.0791358
14.49 0.822699 0.0805995
14.5 0.824311 0.0820155
14.51 0.825951 0.0833837
14.52 0.827619 0.0847036
14.53 0.829313 0.0859753
14.54 0.831032 0.0871983
14.55 0.832776 0.0883726
14.56 0.834544 0.089498
14.57 0.836334 0.0905742
14.58 0.838145 0.0916012
14.59 0.839977 0.0925786
14.6 0.841829 0.0935065
14.61 0.843699 0.0943845
14.62 0.845587 0.0952127
14.63 0.847491 0.0959908
14.64 0.849411 0.0967187
14.65 0.851345 0.0973963
14.66 0.853293 0.0980235
14.67 0.855253 0.0986003
14.68 0.857225 0.0991264
14.69 0.859208 0.0996019
14.7 0.8612 0.100027
14.71 0.863201 0.100401
14.72 0.865209 0.100724
14.73 0.867223 0.100997
14.74 0.869243 0.101218
14.75 0.871267 0.101389
14.76 0.873295 0.101509
14.77 0.875325 0.101578
14.78 0.877357 0.101597
14.79 0.879389 0.101565
14.8 0.88142 0.101482
14.81 0.88345 0.101349
14.82 0.885477 0.101165
14.83 0.8875 0.100931
14.84 0.889519 0.100647
14.85 0.891532 0.100313
14.86 0.893538 0.0999291
14.87 0.895536 0.0994956
14.88 0.897526 0.0990127
14.89 0.899507 0.0984806
14.9 0.901476 0.0978995
14.91 0.903434 0.0972698
14.92 0.90538 0.0965917
14.93 0.907311 0.0958654
14.94 0.909229 0.0950915
14.95 0.911131 0.09427
14.96 0.913016 0.0934015
14.97 0.914884 0.0924864
14.98 0.916734 0.0915249
14.99 0.918564 0.0905176
15 0.920375 0.0894648
15.01 0.922164 0.0883671
15.02 0.923931 0.0872249
15.03 0.925676 0.0860388
15.04 0.927396 0.0848092
15.05 0.929093 0.0835368
15.06 0.930763 0.082222
15.07 0.932408 0.0808655
15.08 0.934025 0.0794679
15.09 0.935614 0.0780298
15.1 0.937175 0.0765518
15.11 0.938706 0.0750348
15.12 0.940207 0.0734792
15.13 0.941676 0.0718859
15.14 0.943114 0.0702557
15.15 0.944519 0.0685891
15.16 0.945891 0.0668871
15.17 0.947229 0.0651504
15.18 0.948532 0.0633799
15.19 0.949799 0.0615763
15.2 0.951031 0.0597406
15.21 0.952226 0.0578735
15.22 0.953383 0.055976
15.23 0.954503 0.0540491
15.24 0.955584 0.0520935
15.25 0.956626 0.0501104
15.26 0.957628 0.0481005
15.27 0.95859 0.0460649
15.28 0.959511 0.0440046
15.29 0.960391 0.0419206
15.3 0.96123 0.0398138
15.31 0.962026 0.0376854
15.32 0.96278 0.0355364
15.33 0.96349 0.0333677
15.34 0.964158 0.0311806
15.35 0.964781 0.028976
15.36 0.965361 0.026755
15.37 0.965896 0.0245188
15.38 0.966386 0.0222684
15.39 0.966832 0.020005
15.4 0.967232 0.0177296
15.41 0.967586 0.0154435
15.42 0.967895 0.0131476
15.43 0.968158 0.0108432
15.44 0.968375 0.00853139
15.45 0.968546 0.00621332
15.46 0.96867 0.00389011
15.47 0.968748 0.00156292
15.48 0.968779 -0.000767109
15.49 0.968764 -0.00309883
15.5 0.968702 -0.00543111
15.51 0.968593 -0.0077628
15.52 0.968438 -0.0100928
15.53 0.968236 -0.0124199
15.54 0.967987 -0.014743
15.55 0.967693 -0.017061
15.56 0.967351 -0.0193727
15.57 0.966964 -0.0216771
15.58 0.96653 -0.0239731
15.59 0.966051 -0.0262595
15.6 0.965526 -0.0285353
15.61 0.964955 -0.0307993
15.62 0.964339 -0.0330506
15.63 0.963678 -0.035288
15.64 0.962972 -0.0375106
15.65 0.962222 -0.0397173
15.66 0.961428 -0.041907
15.67 0.96059 -0.0440788
15.68 0.959708 -0.0462317
15.69 0.958783 -0.0483647
15.7 0.957816 -0.0504768
15.71 0.956807 -0.0525671
15.72 0.955755 -0.0546347
15.73 0.954663 -0.0566787
15.74 0.953529 -0.0586982
15.75 0.952355 -0.0606923
15.76 0.951141 -0.0626601
15.77 0.949888 -0.0646008
15.78 0.948596 -0.0665137
15.79 0.947266 -0.0683978
15.8 0.945898 -0.0702525
15.81 0.944493 -0.072077
15.82 0.943051 -0.0738705
15.83 0.941574 -0.0756323
15.84 0.940061 -0.0773618
15.85 0.938514 -0.0790582
15.86 0.936933 -0.080721
15.87 0.935318 -0.0823494
15.88 0.933671 -0.0839429
15.89 0.931992 -0.0855009
15.9 0.930282 -0.0870229
15.91 0.928542 -0.0885082
15.92 0.926772 -0.0899563
15.93 0.924973 -0.0913669
15.94 0.923145 -0.0927393
15.95 0.92129 -0.0940732
15.96 0.919409 -0.095368
15.97 0.917502 -0.0966235
15.98 0.915569 -0.0978391
15.99 0.913612 -0.0990146
16 0.911632 -0.10015
16.01 0.909629 -0.101244
16.02 0.907604 -0.102297
16.03 0.905558 -0.103308
16.04 0.903492 -0.104278
16.05 0.901407 -0.105206
16.06 0.899302 -0.106091
16.07 0.897181 -0.106935
16.08 0.895042 -0.107735
16.09 0.892887 -0.108493
16.1 0.890717 -0.109208
16.11 0.888533 -0.10988
16.12 0.886336 -0.110509
16.13 0.884125 -0.111094
16.14 0.881904 -0.111637
16.15 0.879671 -0.112135
16.16 0.877428 -0.112591
16.17 0.875176 -0.113002
16.18 0.872916 -0.113371
16.19 0.870649 -0.113695
16.2 0.868375 -0.113976
16.21 0.866095 -0.114214
16.22 0.863811 -0.114408
16.23 0.861523 -0.114559
16.24 0.859232 -0.114667
16.25 0.856938 -0.114731
16.26 0.854644 -0.114752
16.27 0.852349 -0.114729
16.28 0.850054 -0.114664
16.29 0.847761 -0.114556
16.3 0.84547 -0.114405
16.31 0.843182 -0.114212
16.32 0.840897 -0.113976
16.33 0.838618 -0.113698
16.34 0.836344 -0.113377
16.35 0.834076 -0.113015
16.36 0.831816 -0.112611
16.37 0.829564 -0.112165
16.38 0.827321 -0.111678
16.39 0.825087 -0.11115
16.4 0.822864 -0.11058
16.41 0.820652 -0.10997
16.42 0.818453 -0.109319
16.43 0.816267 -0.108628
16.44 0.814094 -0.107896
16.45 0.811936 -0.107125
16.46 0.809794 -0.106314
16.47 0.807667 -0.105464
16.48 0.805558 -0.104574
16.49 0.803467 -0.103646
16.5 0.801394 -0.102679
16.51 0.79934 -0.101673
16.52 0.797307 -0.100629
16.53 0.795294 -0.0995472
16.54 0.793303 -0.0984276
16.55 0.791335 -0.0972707
16.56 0.789389 -0.0960766
16.57 0.787468 -0.0948456
16.58 0.785571 -0.0935779
16.59 0.783699 -0.0922738
16.6 0.781854 -0.0909337
16.61 0.780035 -0.0895577
16.62 0.778244 -0.0881461
16.63 0.776481 -0.0866991
16.64 0.774747 -0.0852171
16.65 0.773043 -0.0837004
16.66 0.771369 -0.0821491
16.67 0.769726 -0.0805635
16.68 0.768114 -0.078944
16.69 0.766535 -0.0772907
16.7 0.76499 -0.075604
16.71 0.763478 -0.0738841
16.72 0.762 -0.0721312
16.73 0.760557 -0.0703457
16.74 0.75915 -0.0685278
16.75 0.75778 -0.0666777
16.76 0.756446 -0.0647957
16.77 0.75515 -0.0628822
16.78 0.753893 -0.0609373
16.79 0.752674 -0.0589613
16.8 0.751495 -0.0569545
16.81 0.750356 -0.0549171
16.82 0.749257 -0.0528495
16.83 0.7482 -0.0507518
16.84 0.747185 -0.0486243
16.85 0.746213 -0.0464673
16.86 0.745283 -0.0442811
16.87 0.744398 -0.0420659
16.88 0.743556 -0.0398219
16.89 0.74276 -0.0375496
16.9 0.742009 -0.035249
16.91 0.741304 -0.0329206
16.92 0.740646 -0.0305644
16.93 0.740034 -0.028181
16.94 0.739471 -0.0257704
16.95 0.738955 -0.023333
16.96 0.738489 -0.0208691
16.97 0.738071 -0.0183789
16.98 0.737704 -0.0158628
16.99 0.737386 -0.0133209
17 0.73712 -0.0107537
17.01 0.736905 -0.00816134
17.02 0.736742 -0.00554419
17.03 0.736631 -0.00290255
17.04 0.736573 -0.000236705
17.05 0.736568 0.00245302
17.06 0.736617 0.00516631
17.07 0.73672 0.00790284
17.08 0.736879 0.0106623
17.09 0.737092 0.0134443
17.1 0.737361 0.0162486
17.11 0.737686 0.0190747
17.12 0.738067 0.0219224
17.13 0.738506 0.0247912
17.14 0.739001 0.0276808
17.15 0.739555 0.0305909
17.16 0.740167 0.0335209
17.17 0.740837 0.0364706
17.18 0.741567 0.0394395
17.19 0.742355 0.0424272
17.2 0.743204 0.0454333
17.21 0.744113 0.0484572
17.22 0.745082 0.0514986
17.23 0.746112 0.0545571
17.24 0.747203 0.057632
17.25 0.748356 0.060723
17.26 0.74957 0.0638295
17.27 0.750847 0.0669509
17.28 0.752186 0.0700869
17.29 0.753587 0.0732367
17.3 0.755052 0.0763999
17.31 0.75658 0.0795758
17.32 0.758172 0.0827639
17.33 0.759827 0.0859636
17.34 0.761546 0.0891741
17.35 0.76333 0.0923949
17.36 0.765178 0.0956252
17.37 0.76709 0.0988645
17.38 0.769067 0.102112
17.39 0.77111 0.105367
17.4 0.773217 0.108628
17.41 0.775389 0.111895
17.42 0.777627 0.115168
17.43 0.779931 0.118445
17.44 0.7823 0.121725
17.45 0.784734 0.125007
17.46 0.787234 0.128292
17.47 0.7898 0.131577
17.48 0.792432 0.134861
17.49 0.795129 0.138145
17.5 0.797892 0.141426
17.51 0.80072 0.144704
17.52 0.803614 0.147978
17.53 0.806574 0.151246
17.54 0.809599 0.154508
17.55 0.812689 0.157762
17.56 0.815844 0.161008
17.57 0.819064 0.164243
17.58 0.822349 0.167467
17.59 0.825699 0.170678
17.6 0.829112 0.173876
17.61 0.83259 0.177058
17.62 0.836131 0.180224
17.63 0.839735 0.183371
17.64 0.843403 0.186499
17.65 0.847133 0.189607
17.66 0.850925 0.192692
17.67 0.854779 0.195753
17.68 0.858694 0.198788
17.69 0.86267 0.201797
17.7 0.866705 0.204776
17.71 0.870801 0.207725
17.72 0.874956 0.210642
17.73 0.879168 0.213526
17.74 0.883439 0.216373
17.75 0.887766 0.219183
17.76 0.89215 0.221954
17.77 0.896589 0.224684
17.78 0.901083 0.227371
17.79 0.90563 0.230012
17.8 0.91023 0.232607
17.81 0.914883 0.235153
17.82 0.919586 0.237648
17.83 0.924339 0.240089
17.84 0.92914 0.242476
17.85 0.93399 0.244805
17.86 0.938886 0.247076
17.87 0.943828 0.249284
17.88 0.948813 0.251429
17.89 0.953842 0.253508
17.9 0.958912 0.255519
17.91 0.964022 0.25746
17.92 0.969172 0.259328
17.93 0.974358 0.261121
17.94 0.97958 0.262837
17.95 0.984837 0.264473
17.96 0.990127 0.266028
17.97 0.995447 0.267499
17.98 1.0008 0.268884
17.99 1.00617 0.27018
18 1.01158 0.271384
18.01 1.01701 0.272496
18.02 1.02246 0.273513
18.03 1.02793 0.274431
18.04 1.03341 0.275249
18.05 1.03892 0.275966
18.06 1.04444 0.276577
18.07 1.04997 0.277082
18.08 1.05551 0.277478
18.09 1.06106 0.277763
18.1 1.06662 0.277935
18.11 1.07218 0.277992
18.12 1.07774 0.277932
18.13 1.08329 0.277753
18.14 1.08885 0.277452
18.15 1.0944 0.277029
18.16 1.09994 0.276481
18.17 1.10547 0.275807
18.18 1.11098 0.275005
18.19 1.11649 0.274073
18.2 1.12197 0.27301
18.21 1.12743 0.271815
18.22 1.13286 0.270486
18.23 1.13827 0.269022
18.24 1.14365 0.267421
18.25 1.149 0.265684
18.26 1.15432 0.263809
18.27 1.15959 0.261795
18.28 1.16483 0.259641
18.29 1.17002 0.257348
18.3 1.17517 0.254914
18.31 1.18027 0.252339
18.32 1.18531 0.249623
18.33 1.1903 0.246767
18.34 1.19524 0.243769
18.35 1.20012 0.240631
18.36 1.20493 0.237353
18.37 1.20968 0.233936
18.38 1.21435 0.230379
18.39 1.21896 0.226684
18.4 1.2235 0.222853
18.41 1.22795 0.218886
18.42 1.23233 0.214784
18.43 1.23663 0.21055
18.44 1.24084 0.206184
18.45 1.24496 0.201689
18.46 1.24899 0.197067
18.47 1.25294 0.192319
18.48 1.25678 0.187449
18.49 1.26053 0.182458
18.5 1.26418 0.17735
18.51 1.26773 0.172128
18.52 1.27117 0.166793
18.53 1.27451 0.16135
18.54 1.27773 0.155802
18.55 1.28085 0.150152
18.56 1.28385 0.144404
18.57 1.28674 0.138561
18.58 1.28951 0.132629
18.59 1.29216 0.126609
18.6 1.2947 0.120508
18.61 1.29711 0.114329
18.62 1.29939 0.108076
18.63 1.30155 0.101755
18.64 1.30359 0.0953691
18.65 1.3055 0.0889239
18.66 1.30727 0.0824242
18.67 1.30892 0.0758749
18.68 1.31044 0.0692809
18.69 1.31183 0.0626474
18.7 1.31308 0.0559796
18.71 1.3142 0.0492827
18.72 1.31518 0.042562
18.73 1.31604 0.0358227
18.74 1.31675 0.0290703
18.75 1.31733 0.0223101
18.76 1.31778 0.0155474
18.77 1.31809 0.00878771
18.78 1.31827 0.00203637
18.79 1.31831 -0.00470125
18.8 1.31821 -0.0114198
18.81 1.31798 -0.018114
18.82 1.31762 -0.0247784
18.83 1.31713 -0.031408
18.84 1.3165 -0.0379975
18.85 1.31574 -0.0445418
18.86 1.31485 -0.0510358
18.87 1.31383 -0.0574746
18.88 1.31268 -0.0638533
18.89 1.3114 -0.0701671
18.9 1.31 -0.0764114
18.91 1.30847 -0.0825815
18.92 1.30682 -0.0886731
18.93 1.30504 -0.0946817
18.94 1.30315 -0.100603
18.95 1.30114 -0.106434
18.96 1.29901 -0.112169
18.97 1.29677 -0.117805
18.98 1.29441 -0.123338
18.99 1.29194 -0.128766
19 1.28937 -0.134084
19.01 1.28669 -0.139289
19.02 1.2839 -0.144379
19.03 1.28101 -0.14935
19.04 1.27803 -0.1542
19.05 1.27494 -0.158926
19.06 1.27176 -0.163526
19.07 1.26849 -0.167998
19.08 1.26513 -0.172339
19.09 1.26169 -0.176548
19.1 1.25816 -0.180623
19.11 1.25454 -0.184562
19.12 1.25085 -0.188365
19.13 1.24708 -0.19203
19.14 1.24324 -0.195555
19.15 1.23933 -0.19894
19.16 1.23535 -0.202185
19.17 1.23131 -0.205289
19.18 1.2272 -0.20825
19.19 1.22304 -0.21107
19.2 1.21882 -0.213748
19.21 1.21454 -0.216284
19.22 1.21022 -0.218678
19.23 1.20584 -0.22093
19.24 1.20143 -0.223041
19.25 1.19696 -0.225012
19.26 1.19246 -0.226843
19.27 1.18793 -0.228535
19.28 1.18336 -0.230089
19.29 1.17875 -0.231506
19.3 1.17412 -0.232787
19.31 1.16947 -0.233933
19.32 1.16479 -0.234947
19.33 1.16009 -0.235828
19.34 1.15537 -0.236579
19.35 1.15064 -0.237202
19.36 1.1459 -0.237698
19.37 1.14115 -0.238068
19.38 1.13638 -0.238315
19.39 1.13162 -0.238441
19.4 1.12685 -0.238447
19.41 1.12208 -0.238336
19.42 1.11731 -0.23811
19.43 1.11255 -0.23777
19.44 1.1078 -0.23732
19.45 1.10305 -0.23676
19.46 1.09831 -0.236094
19.47 1.09359 -0.235324
19.48 1.08889 -0.234452
19.49 1.0842 -0.23348
19.5 1.07953 -0.232411
19.51 1.07488 -0.231247
19.52 1.07025 -0.22999
19.53 1.06565 -0.228644
19.54 1.06108 -0.227209
19.55 1.05654 -0.22569
19.56 1.05202 -0.224087
19.57 1.04754 -0.222404
19.58 1.04309 -0.220643
19.59 1.03868 -0.218806
19.6 1.0343 -0.216896
19.61 1.02997 -0.214916
19.62 1.02567 -0.212866
19.63 1.02141 -0.210751
19.64 1.0172 -0.208572
19.65 1.01302 -0.206331
19.66 1.0089 -0.204031
19.67 1.00482 -0.201674
19.68 1.00078 -0.199263
19.69 0.996798 -0.196799
19.7 0.992862 -0.194286
19.71 0.988976 -0.191724
19.72 0.985142 -0.189116
19.73 0.981359 -0.186465
19.74 0.97763 -0.183773
19.75 0.973955 -0.181041
19.76 0.970334 -0.178271
19.77 0.966769 -0.175466
19.78 0.963259 -0.172628
19.79 0.959807 -0.169758
19.8 0.956411 -0.166859
19.81 0.953074 -0.163933
19.82 0.949796 -0.16098
19.83 0.946576 -0.158004
19.84 0.943416 -0.155006
19.85 0.940316 -0.151987
19.86 0.937276 -0.14895
19.87 0.934297 -0.145895
19.88 0.931379 -0.142826
19.89 0.928523 -0.139743
19.9 0.925728 -0.136648
19.91 0.922995 -0.133542
19.92 0.920324 -0.130428
19.93 0.917715 -0.127306
19.94 0.915169 -0.124178
19.95 0.912686 -0.121046
19.96 0.910265 -0.117911
19.97 0.907907 -0.114774
19.98 0.905611 -0.111637
19.99 0.903378 -0.1085
