0 1.01 0
0.01 1.01 0.00279684
0.02 1.01006 0.00558648
0.03 1.01017 0.0083675
0.04 1.01034 0.0111384
0.05 1.01056 0.0138979
0.06 1.01084 0.0166445
0.07 1.01117 0.0193767
0.08 1.01156 0.0220932
0.09 1.012 0.0247926
0.1 1.01249 0.0274734
0.11 1.01304 0.0301344
0.12 1.01365 0.032774
0.13 1.0143 0.0353909
0.14 1.01501 0.0379838
0.15 1.01577 0.0405513
0.16 1.01658 0.043092
0.17 1.01744 0.0456045
0.18 1.01835 0.0480876
0.19 1.01932 0.0505398
0.2 1.02033 0.05296
0.21 1.02139 0.0553466
0.22 1.02249 0.0576985
0.23 1.02365 0.0600142
0.24 1.02485 0.0622926
0.25 1.02609 0.0645323
0.26 1.02738 0.066732
0.27 1.02872 0.0688905
0.28 1.0301 0.0710066
0.29 1.03152 0.0730788
0.3 1.03298 0.0751062
0.31 1.03448 0.0770873
0.32 1.03602 0.079021
0.33 1.0376 0.0809061
0.34 1.03922 0.0827414
0.35 1.04087 0.0845257
0.36 1.04257 0.0862579
0.37 1.04429 0.0879369
0.38 1.04605 0.0895614
0.39 1.04784 0.0911305
0.4 1.04966 0.0926429
0.41 1.05152 0.0940977
0.42 1.0534 0.0954937
0.43 1.05531 0.09683
0.44 1.05724 0.0981055
0.45 1.05921 0.0993193
0.46 1.06119 0.10047
0.47 1.0632 0.101558
0.48 1.06523 0.10258
0.49 1.06728 0.103538
0.5 1.06936 0.104429
0.51 1.07144 0.105252
0.52 1.07355 0.106008
0.53 1.07567 0.106695
0.54 1.0778 0.107312
0.55 1.07995 0.107859
0.56 1.08211 0.108336
0.57 1.08427 0.10874
0.58 1.08645 0.109072
0.59 1.08863 0.109332
0.6 1.09082 0.109518
0.61 1.09301 0.10963
0.62 1.0952 0.109668
0.63 1.09739 0.109631
0.64 1.09959 0.109519
0.65 1.10178 0.109331
0.66 1.10396 0.109068
0.67 1.10614 0.108728
0.68 1.10832 0.108313
0.69 1.11048 0.10782
0.7 1.11264 0.107252
0.71 1.11479 0.106606
0.72 1.11692 0.105884
0.73 1.11904 0.105085
0.74 1.12114 0.104209
0.75 1.12322 0.103257
0.76 1.12529 0.102229
0.77 1.12733 0.101125
0.78 1.12935 0.0999444
0.79 1.13135 0.0986887
0.8 1.13333 0.097358
0.81 1.13527 0.0959526
0.82 1.13719 0.094473
0.83 1.13908 0.0929198
0.84 1.14094 0.0912936
0.85 1.14277 0.0895951
0.86 1.14456 0.0878249
0.87 1.14631 0.0859839
0.88 1.14803 0.0840728
0.89 1.14972 0.0820926
0.9 1.15136 0.0800441
0.91 1.15296 0.0779284
0.92 1.15452 0.0757465
0.93 1.15603 0.0734995
0.94 1.1575 0.0711885
0.95 1.15893 0.0688148
0.96 1.1603 0.0663796
0.97 1.16163 0.0638842
0.98 1.16291 0.0613299
0.99 1.16413 0.0587182
1 1.16531 0.0560505
1.01 1.16643 0.0533284
1.02 1.1675 0.0505532
1.03 1.16851 0.0477268
1.04 1.16946 0.0448506
1.05 1.17036 0.0419263
1.06 1.1712 0.0389557
1.07 1.17198 0.0359405
1.08 1.1727 0.0328824
1.09 1.17335 0.0297835
1.1 1.17395 0.0266453
1.11 1.17448 0.02347
1.12 1.17495 0.0202593
1.13 1.17536 0.0170152
1.14 1.1757 0.0137397
1.15 1.17597 0.0104348
1.16 1.17618 0.00710249
1.17 1.17632 0.0037448
1.18 1.1764 0.000363786
1.19 1.1764 -0.00303849
1.2 1.17634 -0.00645995
1.21 1.17621 -0.00989851
1.22 1.17602 -0.0133521
1.23 1.17575 -0.0168186
1.24 1.17541 -0.0202959
1.25 1.17501 -0.0237819
1.26 1.17453 -0.0272745
1.27 1.17399 -0.0307716
1.28 1.17337 -0.0342711
1.29 1.17268 -0.037771
1.3 1.17193 -0.0412692
1.31 1.1711 -0.0447636
1.32 1.17021 -0.0482521
1.33 1.16924 -0.0517328
1.34 1.16821 -0.0552037
1.35 1.1671 -0.0586628
1.36 1.16593 -0.0621081
1.37 1.16469 -0.0655376
1.38 1.16338 -0.0689496
1.39 1.162 -0.0723421
1.4 1.16055 -0.0757133
1.41 1.15904 -0.0790613
1.42 1.15746 -0.0823845
1.43 1.15581 -0.0856811
1.44 1.1541 -0.0889493
1.45 1.15232 -0.0921876
1.46 1.15047 -0.0953943
1.47 1.14857 -0.0985679
1.48 1.14659 -0.101707
1.49 1.14456 -0.10481
1.5 1.14246 -0.107875
1.51 1.14031 -0.110901
1.52 1.13809 -0.113887
1.53 1.13581 -0.116832
1.54 1.13347 -0.119733
1.55 1.13108 -0.122591
1.56 1.12863 -0.125404
1.57 1.12612 -0.12817
1.58 1.12356 -0.130889
1.59 1.12094 -0.13356
1.6 1.11827 -0.136182
1.61 1.11554 -0.138754
1.62 1.11277 -0.141276
1.63 1.10994 -0.143745
1.64 1.10707 -0.146163
1.65 1.10414 -0.148527
1.66 1.10117 -0.150839
1.67 1.09816 -0.153096
1.68 1.0951 -0.155298
1.69 1.09199 -0.157446
1.7 1.08884 -0.159538
1.71 1.08565 -0.161575
1.72 1.08242 -0.163555
1.73 1.07915 -0.165479
1.74 1.07584 -0.167347
1.75 1.07249 -0.169159
1.76 1.06911 -0.170913
1.77 1.06569 -0.172611
1.78 1.06224 -0.174252
1.79 1.05875 -0.175837
1.8 1.05524 -0.177365
1.81 1.05169 -0.178836
1.82 1.04811 -0.180251
1.83 1.04451 -0.18161
1.84 1.04087 -0.182913
1.85 1.03722 -0.18416
1.86 1.03353 -0.185352
1.87 1.02983 -0.186489
1.88 1.0261 -0.187572
1.89 1.02234 -0.1886
1.9 1.01857 -0.189574
1.91 1.01478 -0.190496
1.92 1.01097 -0.191364
1.93 1.00714 -0.19218
1.94 1.0033 -0.192945
1.95 0.999441 -0.193659
1.96 0.995568 -0.194322
1.97 0.991681 -0.194935
1.98 0.987783 -0.195499
1.99 0.983873 -0.196014
2 0.979952 -0.196481
2.01 0.976023 -0.196902
2.02 0.972085 -0.197275
2.03 0.968139 -0.197603
2.04 0.964187 -0.197886
2.05 0.960229 -0.198125
2.06 0.956267 -0.198321
2.07 0.952301 -0.198473
2.08 0.948331 -0.198584
2.09 0.944359 -0.198654
2.1 0.940386 -0.198683
2.11 0.936413 -0.198673
2.12 0.932439 -0.198625
2.13 0.928467 -0.198538
2.14 0.924496 -0.198415
2.15 0.920528 -0.198255
2.16 0.916563 -0.19806
2.17 0.912601 -0.19783
2.18 0.908645 -0.197567
2.19 0.904693 -0.197271
2.2 0.900748 -0.196942
2.21 0.896809 -0.196583
2.22 0.892877 -0.196193
2.23 0.888954 -0.195773
2.24 0.885038 -0.195325
2.25 0.881132 -0.194848
2.26 0.877235 -0.194345
2.27 0.873348 -0.193815
2.28 0.869472 -0.193259
2.29 0.865606 -0.192679
2.3 0.861753 -0.192074
2.31 0.857911 -0.191446
2.32 0.854082 -0.190796
2.33 0.850266 -0.190124
2.34 0.846464 -0.18943
2.35 0.842675 -0.188717
2.36 0.838901 -0.187983
2.37 0.835141 -0.187231
2.38 0.831397 -0.186461
2.39 0.827668 -0.185673
2.4 0.823954 -0.184868
2.41 0.820257 -0.184047
2.42 0.816576 -0.18321
2.43 0.812912 -0.182359
2.44 0.809264 -0.181493
2.45 0.805635 -0.180613
2.46 0.802022 -0.17972
2.47 0.798428 -0.178815
2.48 0.794852 -0.177897
2.49 0.791294 -0.176969
2.5 0.787754 -0.176029
2.51 0.784234 -0.175079
2.52 0.780732 -0.174119
2.53 0.77725 -0.17315
2.54 0.773787 -0.172173
2.55 0.770343 -0.171186
2.56 0.76692 -0.170192
2.57 0.763516 -0.169191
2.58 0.760132 -0.168182
2.59 0.756768 -0.167167
2.6 0.753425 -0.166146
2.61 0.750102 -0.165119
2.62 0.7468 -0.164087
2.63 0.743518 -0.16305
2.64 0.740257 -0.162008
2.65 0.737017 -0.160962
2.66 0.733797 -0.159912
2.67 0.730599 -0.158859
2.68 0.727422 -0.157802
2.69 0.724266 -0.156742
2.7 0.721131 -0.15568
2.71 0.718017 -0.154615
2.72 0.714925 -0.153548
2.73 0.711854 -0.152479
2.74 0.708805 -0.151408
2.75 0.705776 -0.150336
2.76 0.70277 -0.149263
2.77 0.699784 -0.148189
2.78 0.696821 -0.147114
2.79 0.693878 -0.146038
2.8 0.690958 -0.144962
2.81 0.688058 -0.143885
2.82 0.685181 -0.142809
2.83 0.682325 -0.141732
2.84 0.67949 -0.140655
2.85 0.676677 -0.139579
2.86 0.673885 -0.138503
2.87 0.671115 -0.137428
2.88 0.668367 -0.136353
2.89 0.66564 -0.135279
2.9 0.662934 -0.134205
2.91 0.66025 -0.133132
2.92 0.657587 -0.13206
2.93 0.654946 -0.130989
2.94 0.652326 -0.129919
2.95 0.649728 -0.12885
2.96 0.647151 -0.127782
2.97 0.644595 -0.126714
2.98 0.642061 -0.125648
2.99 0.639548 -0.124583
3 0.637056 -0.123519
3.01 0.634586 -0.122455
3.02 0.632137 -0.121393
3.03 0.629709 -0.120331
3.04 0.627302 -0.119271
3.05 0.624917 -0.118211
3.06 0.622553 -0.117152
3.07 0.62021 -0.116093
3.08 0.617888 -0.115035
3.09 0.615587 -0.113978
3.1 0.613308 -0.112922
3.11 0.611049 -0.111865
3.12 0.608812 -0.110809
3.13 0.606596 -0.109754
3.14 0.604401 -0.108698
3.15 0.602227 -0.107642
3.16 0.600074 -0.106587
3.17 0.597942 -0.105531
3.18 0.595831 -0.104474
3.19 0.593742 -0.103418
3.2 0.591674 -0.10236
3.21 0.589626 -0.101302
3.22 0.5876 -0.100243
3.23 0.585596 -0.099183
3.24 0.583612 -0.0981218
3.25 0.581649 -0.0970593
3.26 0.579708 -0.0959953
3.27 0.577788 -0.0949296
3.28 0.57589 -0.0938621
3.29 0.574013 -0.0927926
3.3 0.572157 -0.0917209
3.31 0.570322 -0.0906468
3.32 0.568509 -0.0895703
3.33 0.566718 -0.088491
3.34 0.564948 -0.0874088
3.35 0.5632 -0.0863235
3.36 0.561473 -0.0852349
3.37 0.559769 -0.0841428
3.38 0.558086 -0.083047
3.39 0.556425 -0.0819473
3.4 0.554786 -0.0808435
3.41 0.553169 -0.0797354
3.42 0.551574 -0.0786228
3.43 0.550002 -0.0775054
3.44 0.548452 -0.076383
3.45 0.546924 -0.0752554
3.46 0.545419 -0.0741225
3.47 0.543937 -0.0729839
3.48 0.542477 -0.0718394
3.49 0.54104 -0.0706888
3.5 0.539626 -0.0695319
3.51 0.538236 -0.0683685
3.52 0.536868 -0.0671982
3.53 0.535524 -0.0660209
3.54 0.534204 -0.0648363
3.55 0.532907 -0.0636443
3.56 0.531634 -0.0624444
3.57 0.530385 -0.0612366
3.58 0.529161 -0.0600205
3.59 0.52796 -0.0587959
3.6 0.526784 -0.0575626
3.61 0.525633 -0.0563203
3.62 0.524507 -0.0550687
3.63 0.523405 -0.0538077
3.64 0.522329 -0.0525369
3.65 0.521279 -0.051256
3.66 0.520253 -0.049965
3.67 0.519254 -0.0486634
3.68 0.518281 -0.047351
3.69 0.517334 -0.0460276
3.7 0.516413 -0.0446929
3.71 0.515519 -0.0433466
3.72 0.514652 -0.0419885
3.73 0.513813 -0.0406184
3.74 0.513 -0.0392359
3.75 0.512216 -0.0378408
3.76 0.511459 -0.0364329
3.77 0.51073 -0.0350118
3.78 0.51003 -0.0335774
3.79 0.509358 -0.0321293
3.8 0.508716 -0.0306673
3.81 0.508102 -0.0291911
3.82 0.507519 -0.0277005
3.83 0.506965 -0.0261952
3.84 0.506441 -0.024675
3.85 0.505947 -0.0231395
3.86 0.505484 -0.0215885
3.87 0.505053 -0.0200218
3.88 0.504652 -0.0184391
3.89 0.504283 -0.0168401
3.9 0.503947 -0.0152246
3.91 0.503642 -0.0135923
3.92 0.50337 -0.0119429
3.93 0.503131 -0.0102763
3.94 0.502926 -0.00859209
3.95 0.502754 -0.00689008
3.96 0.502616 -0.00517002
3.97 0.502513 -0.00343164
3.98 0.502444 -0.0016747
3.99 0.502411 0.000101048
4 0.502413 0.00189586
4.01 0.502451 0.00370998
4.02 0.502525 0.00554364
4.03 0.502636 0.00739709
4.04 0.502784 0.00927057
4.05 0.502969 0.0111643
4.06 0.503192 0.0130785
4.07 0.503454 0.0150135
4.08 0.503754 0.0169694
4.09 0.504094 0.0189466
4.1 0.504473 0.0209451
4.11 0.504891 0.0229652
4.12 0.505351 0.0250072
4.13 0.505851 0.0270712
4.14 0.506392 0.0291575
4.15 0.506975 0.0312663
4.16 0.507601 0.0333977
4.17 0.508269 0.035552
4.18 0.50898 0.0377294
4.19 0.509734 0.03993
4.2 0.510533 0.042154
4.21 0.511376 0.0444016
4.22 0.512264 0.046673
4.23 0.513198 0.0489683
4.24 0.514177 0.0512877
4.25 0.515203 0.0536314
4.26 0.516275 0.0559994
4.27 0.517395 0.058392
4.28 0.518563 0.0608093
4.29 0.519779 0.0632514
4.3 0.521044 0.0657183
4.31 0.522359 0.0682103
4.32 0.523723 0.0707275
4.33 0.525137 0.0732698
4.34 0.526603 0.0758374
4.35 0.52812 0.0784304
4.36 0.529688 0.0810489
4.37 0.531309 0.0836928
4.38 0.532983 0.0863623
4.39 0.53471 0.0890574
4.4 0.536491 0.0917781
4.41 0.538327 0.0945243
4.42 0.540217 0.0972962
4.43 0.542163 0.100094
4.44 0.544165 0.102917
4.45 0.546224 0.105765
4.46 0.548339 0.108639
4.47 0.550512 0.111539
4.48 0.552742 0.114463
4.49 0.555032 0.117413
4.5 0.55738 0.120388
4.51 0.559788 0.123388
4.52 0.562255 0.126413
4.53 0.564784 0.129462
4.54 0.567373 0.132536
4.55 0.570024 0.135634
4.56 0.572736 0.138756
4.57 0.575511 0.141901
4.58 0.57835 0.145071
4.59 0.581251 0.148263
4.6 0.584216 0.151478
4.61 0.587246 0.154716
4.62 0.59034 0.157976
4.63 0.5935 0.161257
4.64 0.596725 0.16456
4.65 0.600016 0.167884
4.66 0.603374 0.171228
4.67 0.606798 0.174592
4.68 0.61029 0.177976
4.69 0.61385 0.181378
4.7 0.617477 0.184799
4.71 0.621173 0.188237
4.72 0.624938 0.191692
4.73 0.628772 0.195163
4.74 0.632675 0.19865
4.75 0.636648 0.202152
4.76 0.640691 0.205667
4.77 0.644804 0.209196
4.78 0.648988 0.212736
4.79 0.653243 0.216288
4.8 0.657569 0.219851
4.81 0.661966 0.223422
4.82 0.666434 0.227002
4.83 0.670974 0.230589
4.84 0.675586 0.234182
4.85 0.68027 0.23778
4.86 0.685025 0.241381
4.87 0.689853 0.244985
4.88 0.694753 0.248589
4.89 0.699724 0.252194
4.9 0.704768 0.255796
4.91 0.709884 0.259395
4.92 0.715072 0.262989
4.93 0.720332 0.266576
4.94 0.725663 0.270155
4.95 0.731066 0.273724
4.96 0.736541 0.277282
4.97 0.742087 0.280826
4.98 0.747703 0.284355
4.99 0.75339 0.287866
5 0.759147 0.291357
5.01 0.764975 0.294828
5.02 0.770871 0.298274
5.03 0.776837 0.301695
5.04 0.782871 0.305087
5.05 0.788972 0.30845
5.06 0.795141 0.311779
5.07 0.801377 0.315073
5.08 0.807678 0.318329
5.09 0.814045 0.321544
5.1 0.820476 0.324716
5.11 0.82697 0.327843
5.12 0.833527 0.330921
5.13 0.840145 0.333947
5.14 0.846824 0.336919
5.15 0.853563 0.339833
5.16 0.860359 0.342687
5.17 0.867213 0.345477
5.18 0.874123 0.3482
5.19 0.881087 0.350854
5.2 0.888104 0.353434
5.21 0.895172 0.355937
5.22 0.902291 0.358361
5.23 0.909458 0.360701
5.24 0.916672 0.362954
5.25 0.923931 0.365117
5.26 0.931234 0.367185
5.27 0.938577 0.369156
5.28 0.945961 0.371025
5.29 0.953381 0.372789
5.3 0.960837 0.374445
5.31 0.968326 0.375987
5.32 0.975845 0.377414
5.33 0.983394 0.37872
5.34 0.990968 0.379903
5.35 0.998566 0.380957
5.36 1.00619 0.38188
5.37 1.01382 0.382668
5.38 1.02148 0.383317
5.39 1.02914 0.383822
5.4 1.03682 0.384181
5.41 1.0445 0.38439
5.42 1.05219 0.384444
5.43 1.05988 0.38434
5.44 1.06757 0.384076
5.45 1.07525 0.383646
5.46 1.08292 0.383048
5.47 1.09058 0.382278
5.48 1.09823 0.381333
5.49 1.10585 0.38021
5.5 1.11346 0.378906
5.51 1.12104 0.377417
5.52 1.12858 0.375741
5.53 1.1361 0.373876
5.54 1.14358 0.371817
5.55 1.15101 0.369564
5.56 1.1584 0.367113
5.57 1.16575 0.364463
5.58 1.17304 0.361612
5.59 1.18027 0.358558
5.6 1.18744 0.355298
5.61 1.19455 0.351833
5.62 1.20158 0.348161
5.63 1.20855 0.344281
5.64 1.21543 0.340192
5.65 1.22223 0.335894
5.66 1.22895 0.331387
5.67 1.23558 0.32667
5.68 1.24211 0.321745
5.69 1.24855 0.316611
5.7 1.25488 0.31127
5.71 1.26111 0.305722
5.72 1.26722 0.29997
5.73 1.27322 0.294015
5.74 1.2791 0.287859
5.75 1.28486 0.281504
5.76 1.29049 0.274953
5.77 1.29599 0.26821
5.78 1.30135 0.261276
5.79 1.30658 0.254157
5.8 1.31166 0.246855
5.81 1.3166 0.239376
5.82 1.32138 0.231722
5.83 1.32602 0.223901
5.84 1.3305 0.215915
5.85 1.33481 0.207772
5.86 1.33897 0.199476
5.87 1.34296 0.191033
5.88 1.34678 0.18245
5.89 1.35043 0.173733
5.9 1.3539 0.164889
5.91 1.3572 0.155925
5.92 1.36032 0.146849
5.93 1.36326 0.137667
5.94 1.36601 0.128387
5.95 1.36858 0.119017
5.96 1.37096 0.109566
5.97 1.37315 0.100041
5.98 1.37515 0.0904512
5.99 1.37696 0.0808045
6 1.37858 0.0711097
6.01 1.38 0.0613756
6.02 1.38123 0.051611
6.03 1.38226 0.0418248
6.04 1.38309 0.0320259
6.05 1.38374 0.0222233
6.06 1.38418 0.012426
6.07 1.38443 0.00264299
6.08 1.38448 -0.00711676
6.09 1.38434 -0.0168443
6.1 1.384 -0.0265308
6.11 1.38347 -0.0361675
6.12 1.38275 -0.0457455
6.13 1.38183 -0.0552564
6.14 1.38073 -0.0646916
6.15 1.37943 -0.0740429
6.16 1.37795 -0.0833019
6.17 1.37629 -0.0924608
6.18 1.37444 -0.101512
6.19 1.37241 -0.110447
6.2 1.3702 -0.119259
6.21 1.36781 -0.127941
6.22 1.36525 -0.136486
6.23 1.36252 -0.144887
6.24 1.35963 -0.153138
6.25 1.35656 -0.161232
6.26 1.35334 -0.169163
6.27 1.34996 -0.176927
6.28 1.34642 -0.184518
6.29 1.34273 -0.19193
6.3 1.33889 -0.199158
6.31 1.33491 -0.2062
6.32 1.33078 -0.21305
6.33 1.32652 -0.219704
6.34 1.32213 -0.226159
6.35 1.3176 -0.232412
6.36 1.31296 -0.23846
6.37 1.30819 -0.2443
6.38 1.3033 -0.24993
6.39 1.2983 -0.255348
6.4 1.29319 -0.260553
6.41 1.28798 -0.265542
6.42 1.28267 -0.270316
6.43 1.27727 -0.274872
6.44 1.27177 -0.279211
6.45 1.26618 -0.283332
6.46 1.26052 -0.287236
6.47 1.25477 -0.290922
6.48 1.24895 -0.29439
6.49 1.24307 -0.297643
6.5 1.23711 -0.30068
6.51 1.2311 -0.303503
6.52 1.22503 -0.306114
6.53 1.21891 -0.308513
6.54 1.21274 -0.310703
6.55 1.20652 -0.312686
6.56 1.20027 -0.314464
6.57 1.19398 -0.316039
6.58 1.18766 -0.317414
6.59 1.18131 -0.318591
6.6 1.17494 -0.319574
6.61 1.16855 -0.320365
6.62 1.16214 -0.320967
6.63 1.15572 -0.321383
6.64 1.14929 -0.321617
6.65 1.14286 -0.321672
6.66 1.13643 -0.321551
6.67 1.13 -0.321259
6.68 1.12357 -0.320798
6.69 1.11716 -0.320172
6.7 1.11075 -0.319385
6.71 1.10437 -0.318441
6.72 1.098 -0.317343
6.73 1.09165 -0.316096
6.74 1.08533 -0.314702
6.75 1.07903 -0.313167
6.76 1.07277 -0.311493
6.77 1.06654 -0.309686
6.78 1.06035 -0.307747
6.79 1.05419 -0.305682
6.8 1.04808 -0.303495
6.81 1.04201 -0.301188
6.82 1.03598 -0.298767
6.83 1.03001 -0.296234
6.84 1.02408 -0.293594
6.85 1.01821 -0.290851
6.86 1.0124 -0.288007
6.87 1.00664 -0.285067
6.88 1.00093 -0.282034
6.89 0.995293 -0.278912
6.9 0.989715 -0.275704
6.91 0.984201 -0.272415
6.92 0.978753 -0.269046
6.93 0.973372 -0.265603
6.94 0.96806 -0.262087
6.95 0.962818 -0.258503
6.96 0.957648 -0.254853
6.97 0.952551 -0.251141
6.98 0.947528 -0.24737
6.99 0.942581 -0.243543
7 0.93771 -0.239662
7.01 0.932916 -0.235731
7.02 0.928202 -0.231753
7.03 0.923567 -0.22773
7.04 0.919012 -0.223665
7.05 0.914539 -0.219561
7.06 0.910148 -0.21542
7.07 0.905839 -0.211246
7.08 0.901614 -0.207039
7.09 0.897474 -0.202804
7.1 0.893417 -0.198542
7.11 0.889447 -0.194255
7.12 0.885562 -0.189946
7.13 0.881763 -0.185617
7.14 0.87805 -0.18127
7.15 0.874425 -0.176908
7.16 0.870887 -0.172532
7.17 0.867436 -0.168144
7.18 0.864073 -0.163746
7.19 0.860798 -0.15934
7.2 0.857612 -0.154927
7.21 0.854513 -0.150511
7.22 0.851503 -0.146092
7.23 0.848581 -0.141671
7.24 0.845747 -0.137252
7.25 0.843002 -0.132834
7.26 0.840346 -0.128421
7.27 0.837777 -0.124012
7.28 0.835297 -0.11961
7.29 0.832905 -0.115216
7.3 0.830601 -0.110832
7.31 0.828384 -0.106458
7.32 0.826255 -0.102097
7.33 0.824213 -0.0977485
7.34 0.822258 -0.0934149
7.35 0.82039 -0.0890969
7.36 0.818608 -0.0847959
7.37 0.816912 -0.0805129
7.38 0.815301 -0.076249
7.39 0.813776 -0.0720053
7.4 0.812336 -0.0677828
7.41 0.810981 -0.0635825
7.42 0.809709 -0.0594055
7.43 0.808521 -0.0552527
7.44 0.807416 -0.0511249
7.45 0.806393 -0.0470232
7.46 0.805453 -0.0429485
7.47 0.804594 -0.0389015
7.48 0.803816 -0.0348832
7.49 0.803118 -0.0308943
7.5 0.8025 -0.0269358
7.51 0.801962 -0.0230084
7.52 0.801502 -0.0191128
7.53 0.801119 -0.0152499
7.54 0.800814 -0.0114203
7.55 0.800586 -0.00762491
7.56 0.800433 -0.00386436
7.57 0.800356 -0.000139365
7.58 0.800353 0.00354936
7.59 0.800424 0.00720113
7.6 0.800568 0.0108153
7.61 0.800785 0.0143911
7.62 0.801072 0.017928
7.63 0.801431 0.0214253
7.64 0.801859 0.0248823
7.65 0.802357 0.0282984
7.66 0.802923 0.031673
7.67 0.803557 0.0350055
7.68 0.804257 0.0382952
7.69 0.805023 0.0415415
7.7 0.805853 0.0447439
7.71 0.806748 0.0479017
7.72 0.807706 0.0510143
7.73 0.808727 0.0540811
7.74 0.809808 0.0571016
7.75 0.81095 0.0600752
7.76 0.812152 0.0630012
7.77 0.813412 0.0658791
7.78 0.814729 0.0687083
7.79 0.816104 0.0714883
7.8 0.817533 0.0742185
7.81 0.819018 0.0768982
7.82 0.820556 0.079527
7.83 0.822146 0.0821043
7.84 0.823788 0.0846294
7.85 0.825481 0.087102
7.86 0.827223 0.0895213
7.87 0.829013 0.0918868
7.88 0.830851 0.094198
7.89 0.832735 0.0964544
7.9 0.834664 0.0986553
7.91 0.836637 0.1008
7.92 0.838653 0.102889
7.93 0.840711 0.10492
7.94 0.842809 0.106894
7.95 0.844947 0.10881
7.96 0.847123 0.110667
7.97 0.849337 0.112464
7.98 0.851586 0.114203
7.99 0.85387 0.115881
8 0.856188 0.117498
8.01 0.858538 0.119054
8.02 0.860919 0.120548
8.03 0.86333 0.12198
8.04 0.865769 0.12335
8.05 0.868236 0.124656
8.06 0.870729 0.125899
8.07 0.873247 0.127077
8.08 0.875789 0.128192
8.09 0.878353 0.129241
8.1 0.880938 0.130224
8.11 0.883542 0.131142
8.12 0.886165 0.131994
8.13 0.888805 0.132779
8.14 0.89146 0.133497
8.15 0.89413 0.134148
8.16 0.896813 0.134732
8.17 0.899508 0.135247
8.18 0.902213 0.135694
8.19 0.904927 0.136072
8.2 0.907648 0.136381
8.21 0.910376 0.136622
8.22 0.913108 0.136793
8.23 0.915844 0.136894
8.24 0.918582 0.136926
8.25 0.921321 0.136887
8.26 0.924058 0.136779
8.27 0.926794 0.1366
8.28 0.929526 0.136351
8.29 0.932253 0.136032
8.3 0.934974 0.135642
8.31 0.937686 0.135182
8.32 0.94039 0.134651
8.33 0.943083 0.13405
8.34 0.945764 0.133379
8.35 0.948432 0.132637
8.36 0.951084 0.131826
8.37 0.953721 0.130944
8.38 0.95634 0.129993
8.39 0.95894 0.128972
8.4 0.961519 0.127882
8.41 0.964077 0.126723
8.42 0.966611 0.125495
8.43 0.969121 0.124199
8.44 0.971605 0.122836
8.45 0.974062 0.121405
8.46 0.97649 0.119907
8.47 0.978888 0.118343
8.48 0.981255 0.116713
8.49 0.983589 0.115018
8.5 0.985889 0.113258
8.51 0.988155 0.111434
8.52 0.990383 0.109547
8.53 0.992574 0.107598
8.54 0.994726 0.105587
8.55 0.996838 0.103515
8.56 0.998908 0.101384
8.57 1.00094 0.0991929
8.58 1.00292 0.0969442
8.59 1.00486 0.0946384
8.6 1.00675 0.0922765
8.61 1.0086 0.0898597
8.62 1.01039 0.0873891
8.63 1.01214 0.0848657
8.64 1.01384 0.0822907
8.65 1.01549 0.0796655
8.66 1.01708 0.0769912
8.67 1.01862 0.0742691
8.68 1.0201 0.0715006
8.69 1.02153 0.068687
8.7 1.02291 0.0658296
8.71 1.02422 0.06293
8.72 1.02548 0.0599896
8.73 1.02668 0.0570098
8.74 1.02782 0.0539923
8.75 1.0289 0.0509384
8.76 1.02992 0.0478498
8.77 1.03088 0.0447281
8.78 1.03177 0.0415749
8.79 1.0326 0.0383918
8.8 1.03337 0.0351805
8.81 1.03408 0.0319427
8.82 1.03471 0.0286801
8.83 1.03529 0.0253943
8.84 1.0358 0.0220872
8.85 1.03624 0.0187605
8.86 1.03661 0.0154159
8.87 1.03692 0.0120552
8.88 1.03716 0.00868014
8.89 1.03734 0.00529258
8.9 1.03744 0.00189427
8.91 1.03748 -0.00151299
8.92 1.03745 -0.00492739
8.93 1.03735 -0.00834715
8.94 1.03718 -0.0117705
8.95 1.03695 -0.0151955
8.96 1.03664 -0.0186206
8.97 1.03627 -0.0220438
8.98 1.03583 -0.0254634
8.99 1.03532 -0.0288777
9 1.03474 -0.0322849
9.01 1.0341 -0.0356832
9.02 1.03339 -0.0390709
9.03 1.0326 -0.0424463
9.04 1.03175 -0.0458077
9.05 1.03084 -0.0491535
9.06 1.02986 -0.0524819
9.07 1.02881 -0.0557914
9.08 1.02769 -0.0590802
9.09 1.02651 -0.062347
9.1 1.02526 -0.06559
9.11 1.02395 -0.0688077
9.12 1.02257 -0.0719987
9.13 1.02113 -0.0751615
9.14 1.01963 -0.0782946
9.15 1.01806 -0.0813966
9.16 1.01644 -0.0844661
9.17 1.01475 -0.0875019
9.18 1.013 -0.0905025
9.19 1.01119 -0.0934667
9.2 1.00932 -0.0963932
9.21 1.00739 -0.099281
9.22 1.0054 -0.102129
9.23 1.00336 -0.104935
9.24 1.00126 -0.1077
9.25 0.999109 -0.110421
9.26 0.996901 -0.113098
9.27 0.994639 -0.115729
9.28 0.992324 -0.118315
9.29 0.989958 -0.120853
9.3 0.987541 -0.123343
9.31 0.985074 -0.125785
9.32 0.982558 -0.128177
9.33 0.979995 -0.130519
9.34 0.977384 -0.13281
9.35 0.974728 -0.13505
9.36 0.972027 -0.137237
9.37 0.969282 -0.139372
9.38 0.966495 -0.141453
9.39 0.963666 -0.143481
9.4 0.960796 -0.145455
9.41 0.957887 -0.147374
9.42 0.95494 -0.149238
9.43 0.951955 -0.151046
9.44 0.948934 -0.1528
9.45 0.945878 -0.154497
9.46 0.942788 -0.156138
9.47 0.939665 -0.157723
9.48 0.936511 -0.159252
9.49 0.933326 -0.160724
9.5 0.930111 -0.162139
9.51 0.926869 -0.163498
9.52 0.923599 -0.1648
9.53 0.920303 -0.166045
9.54 0.916982 -0.167234
9.55 0.913637 -0.168366
9.56 0.91027 -0.169442
9.57 0.906881 -0.170461
9.58 0.903472 -0.171424
9.59 0.900043 -0.172331
9.6 0.896597 -0.173182
9.61 0.893133 -0.173977
9.62 0.889653 -0.174717
9.63 0.886159 -0.175402
9.64 0.882651 -0.176032
9.65 0.87913 -0.176607
9.66 0.875598 -0.177128
9.67 0.872056 -0.177596
9.68 0.868504 -0.178009
9.69 0.864944 -0.17837
9.7 0.861376 -0.178678
9.71 0.857803 -0.178933
9.72 0.854224 -0.179136
9.73 0.850641 -0.179288
9.74 0.847055 -0.179389
9.75 0.843468 -0.179439
9.76 0.839879 -0.179439
9.77 0.83629 -0.179389
9.78 0.832702 -0.17929
9.79 0.829117 -0.179142
9.8 0.825534 -0.178945
9.81 0.821955 -0.178701
9.82 0.818381 -0.17841
9.83 0.814813 -0.178072
9.84 0.811251 -0.177687
9.85 0.807697 -0.177257
9.86 0.804152 -0.176781
9.87 0.800617 -0.176261
9.88 0.797091 -0.175696
9.89 0.793577 -0.175088
9.9 0.790076 -0.174437
9.91 0.786587 -0.173742
9.92 0.783112 -0.173006
9.93 0.779652 -0.172228
9.94 0.776207 -0.171408
9.95 0.772779 -0.170548
9.96 0.769368 -0.169648
9.97 0.765975 -0.168708
9.98 0.762601 -0.167729
9.99 0.759247 -0.166711
10 0.755912 -0.165655
10.01 0.752599 -0.164561
10.02 0.749308 -0.16343
10.03 0.746039 -0.162263
10.04 0.742794 -0.161058
10.05 0.739573 -0.159818
10.06 0.736377 -0.158543
10.07 0.733206 -0.157232
10.08 0.730061 -0.155887
10.09 0.726943 -0.154508
10.1 0.723853 -0.153094
10.11 0.720791 -0.151648
10.12 0.717758 -0.150169
10.13 0.714755 -0.148657
10.14 0.711782 -0.147112
10.15 0.70884 -0.145536
10.16 0.705929 -0.143929
10.17 0.70305 -0.14229
10.18 0.700205 -0.140621
10.19 0.697392 -0.138922
10.2 0.694614 -0.137192
10.21 0.69187 -0.135432
10.22 0.689161 -0.133643
10.23 0.686488 -0.131825
10.24 0.683852 -0.129978
10.25 0.681252 -0.128103
10.26 0.67869 -0.126199
10.27 0.676166 -0.124267
10.28 0.673681 -0.122307
10.29 0.671235 -0.12032
10.3 0.668828 -0.118305
10.31 0.666462 -0.116264
10.32 0.664137 -0.114195
10.33 0.661853 -0.1121
10.34 0.659611 -0.109978
10.35 0.657412 -0.107831
10.36 0.655255 -0.105657
10.37 0.653142 -0.103457
10.38 0.651073 -0.101231
10.39 0.649048 -0.0989803
10.4 0.647068 -0.0967039
10.41 0.645134 -0.0944022
10.42 0.643246 -0.0920754
10.43 0.641405 -0.0897237
10.44 0.63961 -0.0873471
10.45 0.637863 -0.0849458
10.46 0.636164 -0.0825198
10.47 0.634514 -0.0800694
10.48 0.632913 -0.0775945
10.49 0.631361 -0.0750954
10.5 0.629859 -0.072572
10.51 0.628407 -0.0700245
10.52 0.627007 -0.0674529
10.53 0.625658 -0.0648573
10.54 0.624361 -0.0622379
10.55 0.623116 -0.0595946
10.56 0.621924 -0.0569275
10.57 0.620786 -0.0542366
10.58 0.619701 -0.0515221
10.59 0.61867 -0.048784
10.6 0.617695 -0.0460223
10.61 0.616774 -0.0432371
10.62 0.61591 -0.0404283
10.63 0.615101 -0.0375962
10.64 0.614349 -0.0347406
10.65 0.613654 -0.0318616
10.66 0.613017 -0.0289593
10.67 0.612438 -0.0260337
10.68 0.611917 -0.0230848
10.69 0.611455 -0.0201127
10.7 0.611053 -0.0171174
10.71 0.610711 -0.0140989
10.72 0.610429 -0.0110574
10.73 0.610208 -0.00799269
10.74 0.610048 -0.00490497
10.75 0.60995 -0.00179425
10.76 0.609914 0.00133942
10.77 0.609941 0.004496
10.78 0.610031 0.00767544
10.79 0.610184 0.0108777
10.8 0.610402 0.0141027
10.81 0.610684 0.0173503
10.82 0.611031 0.0206206
10.83 0.611443 0.0239133
10.84 0.611921 0.0272285
10.85 0.612466 0.0305661
10.86 0.613077 0.0339259
10.87 0.613756 0.0373079
10.88 0.614502 0.0407119
10.89 0.615316 0.0441379
10.9 0.616199 0.0475856
10.91 0.617151 0.0510549
10.92 0.618172 0.0545458
10.93 0.619263 0.0580579
10.94 0.620424 0.0615913
10.95 0.621656 0.0651455
10.96 0.622959 0.0687206
10.97 0.624333 0.0723161
10.98 0.625779 0.075932
10.99 0.627298 0.079568
11 0.628889 0.0832238
11.01 0.630554 0.0868991
11.02 0.632292 0.0905936
11.03 0.634104 0.094307
11.04 0.63599 0.0980391
11.05 0.637951 0.101789
11.06 0.639986 0.105558
11.07 0.642097 0.109343
11.08 0.644284 0.113146
11.09 0.646547 0.116965
11.1 0.648887 0.120801
11.11 0.651303 0.124652
11.12 0.653796 0.128518
11.13 0.656366 0.132399
11.14 0.659014 0.136294
11.15 0.66174 0.140203
11.16 0.664544 0.144124
11.17 0.667426 0.148057
11.18 0.670388 0.152003
11.19 0.673428 0.155958
11.2 0.676547 0.159924
11.21 0.679745 0.163899
11.22 0.683023 0.167883
11.23 0.686381 0.171874
11.24 0.689818 0.175872
11.25 0.693336 0.179876
11.26 0.696933 0.183885
11.27 0.700611 0.187897
11.28 0.704369 0.191912
11.29 0.708207 0.195929
11.3 0.712126 0.199946
11.31 0.716125 0.203963
11.32 0.720204 0.207977
11.33 0.724363 0.211989
11.34 0.728603 0.215996
11.35 0.732923 0.219997
11.36 0.737323 0.223991
11.37 0.741803 0.227977
11.38 0.746363 0.231952
11.39 0.751002 0.235915
11.4 0.75572 0.239865
11.41 0.760517 0.2438
11.42 0.765393 0.247718
11.43 0.770347 0.251617
11.44 0.77538 0.255495
11.45 0.78049 0.259352
11.46 0.785677 0.263184
11.47 0.79094 0.266989
11.48 0.79628 0.270766
11.49 0.801696 0.274513
11.5 0.807186 0.278226
11.51 0.81275 0.281904
11.52 0.818388 0.285545
11.53 0.824099 0.289147
11.54 0.829882 0.292705
11.55 0.835736 0.29622
11.56 0.841661 0.299686
11.57 0.847654 0.303103
11.58 0.853717 0.306467
11.59 0.859846 0.309775
11.6 0.866041 0.313026
11.61 0.872302 0.316215
11.62 0.878626 0.319339
11.63 0.885013 0.322397
11.64 0.891461 0.325385
11.65 0.897969 0.328299
11.66 0.904535 0.331137
11.67 0.911157 0.333895
11.68 0.917835 0.33657
11.69 0.924567 0.339159
11.7 0.93135 0.341658
11.71 0.938183 0.344065
11.72 0.945064 0.346375
11.73 0.951992 0.348584
11.74 0.958963 0.350691
11.75 0.965977 0.35269
11.76 0.973031 0.354579
11.77 0.980123 0.356353
11.78 0.98725 0.35801
11.79 0.99441 0.359545
11.8 1.0016 0.360956
11.81 1.00882 0.362237
11.82 1.01606 0.363386
11.83 1.02333 0.364399
11.84 1.03062 0.365272
11.85 1.03793 0.366002
11.86 1.04525 0.366585
11.87 1.05258 0.367017
11.88 1.05992 0.367295
11.89 1.06726 0.367416
11.9 1.07461 0.367376
11.91 1.08196 0.367172
11.92 1.0893 0.3668
11.93 1.09664 0.366257
11.94 1.10396 0.36554
11.95 1.11128 0.364646
11.96 1.11857 0.363573
11.97 1.12584 0.362316
11.98 1.13309 0.360873
11.99 1.1403 0.359243
12 1.14749 0.357421
12.01 1.15464 0.355407
12.02 1.16174 0.353197
12.03 1.16881 0.35079
12.04 1.17582 0.348185
12.05 1.18279 0.345378
12.06 1.1897 0.342369
12.07 1.19654 0.339156
12.08 1.20333 0.335739
12.09 1.21004 0.332117
12.1 1.21668 0.328288
12.11 1.22325 0.324253
12.12 1.22973 0.320012
12.13 1.23613 0.315563
12.14 1.24245 0.310909
12.15 1.24866 0.306049
12.16 1.25478 0.300984
12.17 1.2608 0.295715
12.18 1.26672 0.290244
12.19 1.27252 0.284573
12.2 1.27822 0.278703
12.21 1.28379 0.272636
12.22 1.28924 0.266376
12.23 1.29457 0.259925
12.24 1.29977 0.253287
12.25 1.30483 0.246464
12.26 1.30976 0.23946
12.27 1.31455 0.23228
12.28 1.3192 0.224927
12.29 1.3237 0.217407
12.3 1.32804 0.209724
12.31 1.33224 0.201883
12.32 1.33628 0.193891
12.33 1.34015 0.185752
12.34 1.34387 0.177472
12.35 1.34742 0.169059
12.36 1.3508 0.160518
12.37 1.35401 0.151855
12.38 1.35705 0.143079
12.39 1.35991 0.134196
12.4 1.36259 0.125213
12.41 1.3651 0.116139
12.42 1.36742 0.10698
12.43 1.36956 0.0977452
12.44 1.37151 0.088442
12.45 1.37328 0.0790788
12.46 1.37486 0.0696639
12.47 1.37626 0.0602057
12.48 1.37746 0.0507127
12.49 1.37848 0.0411936
12.5 1.3793 0.0316568
12.51 1.37993 0.0221111
12.52 1.38038 0.0125653
12.53 1.38063 0.00302786
12.54 1.38069 -0.00649239
12.55 1.38056 -0.0159868
12.56 1.38024 -0.0254469
12.57 1.37973 -0.0348639
12.58 1.37903 -0.0442296
12.59 1.37815 -0.0535355
12.6 1.37708 -0.0627734
12.61 1.37582 -0.0719352
12.62 1.37438 -0.0810129
12.63 1.37276 -0.0899987
12.64 1.37096 -0.098885
12.65 1.36898 -0.107664
12.66 1.36683 -0.116329
12.67 1.3645 -0.124873
12.68 1.36201 -0.133289
12.69 1.35934 -0.14157
12.7 1.35651 -0.149709
12.71 1.35352 -0.157702
12.72 1.35036 -0.165542
12.73 1.34705 -0.173223
12.74 1.34359 -0.180741
12.75 1.33997 -0.18809
12.76 1.33621 -0.195265
12.77 1.3323 -0.202262
12.78 1.32826 -0.209077
12.79 1.32408 -0.215707
12.8 1.31976 -0.222146
12.81 1.31532 -0.228393
12.82 1.31075 -0.234445
12.83 1.30606 -0.240298
12.84 1.30126 -0.24595
12.85 1.29634 -0.2514
12.86 1.29131 -0.256644
12.87 1.28618 -0.261683
12.88 1.28094 -0.266515
12.89 1.27561 -0.271138
12.9 1.27019 -0.275552
12.91 1.26468 -0.279757
12.92 1.25909 -0.283753
12.93 1.25341 -0.287539
12.94 1.24766 -0.291116
12.95 1.24184 -0.294484
12.96 1.23595 -0.297645
12.97 1.22999 -0.3006
12.98 1.22398 -0.303348
12.99 1.21792 -0.305893
13 1.2118 -0.308236
13.01 1.20563 -0.310378
13.02 1.19943 -0.312322
13.03 1.19318 -0.314069
13.04 1.1869 -0.315622
13.05 1.18058 -0.316984
13.06 1.17425 -0.318157
13.07 1.16788 -0.319143
13.08 1.1615 -0.319947
13.09 1.1551 -0.32057
13.1 1.14869 -0.321016
13.11 1.14227 -0.321288
13.12 1.13584 -0.321389
13.13 1.12942 -0.321322
13.14 1.12299 -0.321092
13.15 1.11657 -0.320701
13.16 1.11015 -0.320154
13.17 1.10375 -0.319452
13.18 1.09736 -0.318602
13.19 1.09099 -0.317605
13.2 1.08464 -0.316466
13.21 1.07831 -0.315188
13.22 1.072 -0.313775
13.23 1.06573 -0.312231
13.24 1.05948 -0.31056
13.25 1.05327 -0.308765
13.26 1.0471 -0.30685
13.27 1.04096 -0.304819
13.28 1.03486 -0.302676
13.29 1.02881 -0.300424
13.3 1.0228 -0.298066
13.31 1.01684 -0.295608
13.32 1.01093 -0.293051
13.33 1.00507 -0.2904
13.34 0.999259 -0.287658
13.35 0.993506 -0.284829
13.36 0.987809 -0.281916
13.37 0.982171 -0.278923
13.38 0.976592 -0.275853
13.39 0.971075 -0.272709
13.4 0.965621 -0.269494
13.41 0.960231 -0.266212
13.42 0.954907 -0.262867
13.43 0.94965 -0.25946
13.44 0.944461 -0.255994
13.45 0.939341 -0.252474
13.46 0.934291 -0.248902
13.47 0.929313 -0.245281
13.48 0.924408 -0.241613
13.49 0.919575 -0.237901
13.5 0.914817 -0.234148
13.51 0.910134 -0.230357
13.52 0.905527 -0.22653
13.53 0.900997 -0.22267
13.54 0.896543 -0.218778
13.55 0.892168 -0.214859
13.56 0.88787 -0.210912
13.57 0.883652 -0.206942
13.58 0.879513 -0.20295
13.59 0.875454 -0.198939
13.6 0.871475 -0.19491
13.61 0.867577 -0.190865
13.62 0.86376 -0.186807
13.63 0.860024 -0.182737
13.64 0.856369 -0.178657
13.65 0.852796 -0.17457
13.66 0.849305 -0.170476
13.67 0.845895 -0.166377
13.68 0.842568 -0.162276
13.69 0.839322 -0.158174
13.7 0.836159 -0.154072
13.71 0.833077 -0.149972
13.72 0.830078 -0.145875
13.73 0.82716 -0.141783
13.74 0.824324 -0.137697
13.75 0.821571 -0.133619
13.76 0.818898 -0.129549
13.77 0.816307 -0.12549
13.78 0.813797 -0.121442
13.79 0.811369 -0.117406
13.8 0.80902 -0.113383
13.81 0.806753 -0.109376
13.82 0.804565 -0.105384
13.83 0.802458 -0.101409
13.84 0.800429 -0.0974514
13.85 0.79848 -0.0935129
13.86 0.79661 -0.0895941
13.87 0.794818 -0.0856958
13.88 0.793104 -0.0818191
13.89 0.791468 -0.0779648
13.9 0.789909 -0.0741336
13.91 0.788426 -0.0703264
13.92 0.787019 -0.0665439
13.93 0.785689 -0.062787
13.94 0.784433 -0.0590563
13.95 0.783252 -0.0553526
13.96 0.782145 -0.0516765
13.97 0.781111 -0.0480286
13.98 0.780151 -0.0444098
13.99 0.779262 -0.0408205
14 0.778446 -0.0372614
14.01 0.777701 -0.0337331
14.02 0.777026 -0.0302361
14.03 0.776421 -0.026771
14.04 0.775886 -0.0233384
14.05 0.775419 -0.0199388
14.06 0.77502 -0.0165726
14.07 0.774689 -0.0132405
14.08 0.774424 -0.00994284
14.09 0.774225 -0.00668015
14.1 0.774092 -0.00345289
14.11 0.774023 -0.000261526
14.12 0.774017 0.00289351
14.13 0.774075 0.00601177
14.14 0.774195 0.00909284
14.15 0.774377 0.0121363
14.16 0.77462 0.0151417
14.17 0.774923 0.0181087
14.18 0.775285 0.0210369
14.19 0.775706 0.0239259
14.2 0.776184 0.0267753
14.21 0.77672 0.0295848
14.22 0.777312 0.0323539
14.23 0.777959 0.0350823
14.24 0.77866 0.0377697
14.25 0.779416 0.0404156
14.26 0.780224 0.0430199
14.27 0.781084 0.045582
14.28 0.781996 0.0481017
14.29 0.782958 0.0505787
14.3 0.78397 0.0530125
14.31 0.78503 0.0554029
14.32 0.786138 0.0577496
14.33 0.787293 0.0600523
14.34 0.788494 0.0623105
14.35 0.78974 0.0645241
14.36 0.791031 0.0666927
14.37 0.792364 0.0688159
14.38 0.793741 0.0708936
14.39 0.795159 0.0729253
14.4 0.796617 0.0749109
14.41 0.798115 0.0768499
14.42 0.799652 0.0787422
14.43 0.801227 0.0805874
14.44 0.802839 0.0823852
14.45 0.804487 0.0841354
14.46 0.806169 0.0858377
14.47 0.807886 0.0874918
14.48 0.809636 0.0890975
14.49 0.811418 0.0906544
14.5 0.813231 0.0921624
14.51 0.815074 0.0936211
14.52 0.816947 0.0950304
14.53 0.818847 0.0963899
14.54 0.820775 0.0976995
14.55 0.822729 0.0989588
14.56 0.824708 0.100168
14.57 0.826712 0.101326
14.58 0.828738 0.102433
14.59 0.830787 0.10349
14.6 0.832857 0.104495
14.61 0.834946 0.105448
14.62 0.837055 0.10635
14.63 0.839182 0.1072
14.64 0.841326 0.107998
14.65 0.843486 0.108744
14.66 0.845661 0.109437
14.67 0.84785 0.110078
14.68 0.850052 0.110667
14.69 0.852265 0.111202
14.7 0.854489 0.111685
14.71 0.856723 0.112114
14.72 0.858965 0.112491
14.73 0.861215 0.112815
14.74 0.863471 0.113085
14.75 0.865733 0.113302
14.76 0.867999 0.113465
14.77 0.870268 0.113576
14.78 0.87254 0.113633
14.79 0.874812 0.113636
14.8 0.877085 0.113587
14.81 0.879357 0.113484
14.82 0.881626 0.113327
14.83 0.883893 0.113118
14.84 0.886155 0.112855
14.85 0.888412 0.11254
14.86 0.890663 0.112171
14.87 0.892907 0.11175
14.88 0.895142 0.111276
14.89 0.897367 0.11075
14.9 0.899582 0.110172
14.91 0.901786 0.109541
14.92 0.903976 0.108859
14.93 0.906154 0.108125
14.94 0.908316 0.10734
14.95 0.910463 0.106504
14.96 0.912593 0.105618
14.97 0.914705 0.104681
14.98 0.916799 0.103694
14.99 0.918873 0.102658
15 0.920926 0.101572
15.01 0.922957 0.100438
15.02 0.924966 0.0992552
15.03 0.926951 0.098025
15.04 0.928912 0.0967474
15.05 0.930847 0.0954231
15.06 0.932755 0.0940526
15.07 0.934636 0.0926365
15.08 0.936489 0.0911753
15.09 0.938313 0.0896697
15.1 0.940106 0.0881203
15.11 0.941868 0.0865278
15.12 0.943599 0.0848929
15.13 0.945297 0.0832164
15.14 0.946961 0.0814988
15.15 0.948591 0.0797411
15.16 0.950186 0.0779439
15.17 0.951745 0.0761081
15.18 0.953267 0.0742345
15.19 0.954752 0.0723241
15.2 0.956198 0.0703775
15.21 0.957606 0.0683958
15.22 0.958974 0.0663799
15.23 0.960301 0.0643307
15.24 0.961588 0.0622491
15.25 0.962833 0.0601361
15.26 0.964035 0.0579928
15.27 0.965195 0.0558201
15.28 0.966312 0.0536192
15.29 0.967384 0.0513909
15.3 0.968412 0.0491365
15.31 0.969395 0.046857
15.32 0.970332 0.0445534
15.33 0.971223 0.042227
15.34 0.972067 0.0398788
15.35 0.972865 0.03751
15.36 0.973615 0.0351218
15.37 0.974318 0.0327153
15.38 0.974972 0.0302917
15.39 0.975578 0.0278522
15.4 0.976135 0.025398
15.41 0.976643 0.0229303
15.42 0.977101 0.0204503
15.43 0.97751 0.0179593
15.44 0.97787 0.0154584
15.45 0.978179 0.012949
15.46 0.978438 0.0104323
15.47 0.978646 0.00790946
15.48 0.978805 0.00538178
15.49 0.978912 0.00285051
15.5 0.978969 0.000316887
15.51 0.978976 -0.00221783
15.52 0.978931 -0.00475241
15.53 0.978836 -0.00728558
15.54 0.97869 -0.00981613
15.55 0.978494 -0.0123428
15.56 0.978247 -0.0148644
15.57 0.97795 -0.0173796
15.58 0.977602 -0.0198873
15.59 0.977205 -0.0223863
15.6 0.976757 -0.0248752
15.61 0.976259 -0.0273531
15.62 0.975712 -0.0298186
15.63 0.975116 -0.0322706
15.64 0.974471 -0.0347079
15.65 0.973776 -0.0371294
15.66 0.973034 -0.039534
15.67 0.972243 -0.0419205
15.68 0.971405 -0.0442879
15.69 0.970519 -0.046635
15.7 0.969586 -0.0489609
15.71 0.968607 -0.0512643
15.72 0.967582 -0.0535444
15.73 0.966511 -0.0558001
15.74 0.965395 -0.0580304
15.75 0.964234 -0.0602342
15.76 0.96303 -0.0624108
15.77 0.961781 -0.0645591
15.78 0.96049 -0.0666782
15.79 0.959157 -0.0687673
15.8 0.957781 -0.0708254
15.81 0.956365 -0.0728517
15.82 0.954908 -0.0748454
15.83 0.953411 -0.0768058
15.84 0.951875 -0.0787319
15.85 0.9503 -0.0806231
15.86 0.948688 -0.0824786
15.87 0.947038 -0.0842978
15.88 0.945352 -0.0860799
15.89 0.94363 -0.0878243
15.9 0.941874 -0.0895304
15.91 0.940083 -0.0911976
15.92 0.938259 -0.0928252
15.93 0.936403 -0.0944127
15.94 0.934515 -0.0959596
15.95 0.932595 -0.0974654
15.96 0.930646 -0.0989296
15.97 0.928668 -0.100352
15.98 0.926661 -0.101731
15.99 0.924626 -0.103068
16 0.922565 -0.104361
16.01 0.920477 -0.105611
16.02 0.918365 -0.106817
16.03 0.916229 -0.107978
16.04 0.914069 -0.109095
16.05 0.911887 -0.110167
16.06 0.909684 -0.111193
16.07 0.90746 -0.112175
16.08 0.905217 -0.11311
16.09 0.902954 -0.114
16.1 0.900674 -0.114845
16.11 0.898378 -0.115643
16.12 0.896065 -0.116394
16.13 0.893737 -0.1171
16.14 0.891395 -0.117759
16.15 0.88904 -0.118371
16.16 0.886672 -0.118938
16.17 0.884293 -0.119457
16.18 0.881904 -0.11993
16.19 0.879506 -0.120357
16.2 0.877099 -0.120737
16.21 0.874684 -0.12107
16.22 0.872262 -0.121357
16.23 0.869835 -0.121598
16.24 0.867403 -0.121792
16.25 0.864967 -0.12194
16.26 0.862529 -0.122042
16.27 0.860088 -0.122098
16.28 0.857646 -0.122109
16.29 0.855204 -0.122073
16.3 0.852762 -0.121992
16.31 0.850322 -0.121866
16.32 0.847885 -0.121694
16.33 0.845451 -0.121477
16.34 0.843022 -0.121216
16.35 0.840597 -0.12091
16.36 0.838179 -0.120559
16.37 0.835768 -0.120165
16.38 0.833365 -0.119726
16.39 0.83097 -0.119244
16.4 0.828585 -0.118718
16.41 0.826211 -0.118149
16.42 0.823848 -0.117537
16.43 0.821497 -0.116882
16.44 0.81916 -0.116185
16.45 0.816836 -0.115446
16.46 0.814527 -0.114664
16.47 0.812234 -0.113841
16.48 0.809957 -0.112977
16.49 0.807697 -0.112072
16.5 0.805456 -0.111126
16.51 0.803233 -0.110139
16.52 0.801031 -0.109113
16.53 0.798848 -0.108046
16.54 0.796687 -0.10694
16.55 0.794549 -0.105794
16.56 0.792433 -0.10461
16.57 0.79034 -0.103387
16.58 0.788273 -0.102125
16.59 0.78623 -0.100826
16.6 0.784214 -0.0994881
16.61 0.782224 -0.0981131
16.62 0.780262 -0.096701
16.63 0.778328 -0.0952519
16.64 0.776423 -0.0937663
16.65 0.774547 -0.0922445
16.66 0.772702 -0.0906866
16.67 0.770889 -0.089093
16.68 0.769107 -0.0874641
16.69 0.767358 -0.0858001
16.7 0.765642 -0.0841013
16.71 0.76396 -0.0823679
16.72 0.762312 -0.0806004
16.73 0.7607 -0.078799
16.74 0.759124 -0.076964
16.75 0.757585 -0.0750957
16.76 0.756083 -0.0731943
16.77 0.754619 -0.0712602
16.78 0.753194 -0.0692936
16.79 0.751808 -0.0672949
16.8 0.750462 -0.0652642
16.81 0.749157 -0.063202
16.82 0.747893 -0.0611085
16.83 0.746671 -0.0589839
16.84 0.745491 -0.0568286
16.85 0.744354 -0.0546428
16.86 0.743262 -0.0524269
16.87 0.742213 -0.050181
16.88 0.741209 -0.0479055
16.89 0.740251 -0.0456007
16.9 0.739339 -0.0432668
16.91 0.738474 -0.0409041
16.92 0.737656 -0.0385129
16.93 0.736886 -0.0360935
16.94 0.736164 -0.0336462
16.95 0.735491 -0.0311712
16.96 0.734867 -0.0286689
16.97 0.734294 -0.0261395
16.98 0.733771 -0.0235833
16.99 0.7333 -0.0210005
17 0.732879 -0.0183916
17.01 0.732512 -0.0157568
17.02 0.732197 -0.0130963
17.03 0.731935 -0.0104106
17.04 0.731726 -0.00769984
17.05 0.731572 -0.00496438
17.06 0.731473 -0.00220455
17.07 0.731429 0.000579351
17.08 0.731441 0.00338699
17.09 0.731508 0.00621805
17.1 0.731633 0.00907218
17.11 0.731814 0.0119491
17.12 0.732053 0.0148483
17.13 0.73235 0.0177696
17.14 0.732705 0.0207126
17.15 0.73312 0.0236769
17.16 0.733593 0.0266622
17.17 0.734127 0.0296679
17.18 0.73472 0.0326939
17.19 0.735374 0.0357396
17.2 0.736089 0.0388047
17.21 0.736865 0.0418886
17.22 0.737702 0.0449911
17.23 0.738602 0.0481116
17.24 0.739564 0.0512497
17.25 0.740589 0.0544049
17.26 0.741678 0.0575767
17.27 0.742829 0.0607647
17.28 0.744044 0.0639682
17.29 0.745324 0.0671869
17.3 0.746667 0.0704202
17.31 0.748076 0.0736674
17.32 0.749549 0.0769281
17.33 0.751088 0.0802017
17.34 0.752692 0.0834875
17.35 0.754362 0.0867849
17.36 0.756097 0.0900932
17.37 0.757899 0.0934119
17.38 0.759767 0.0967403
17.39 0.761702 0.100078
17.4 0.763704 0.103423
17.41 0.765772 0.106776
17.42 0.767908 0.110136
17.43 0.77011 0.113501
17.44 0.77238 0.116872
17.45 0.774718 0.120247
17.46 0.777123 0.123625
17.47 0.779595 0.127006
17.48 0.782135 0.130388
17.49 0.784743 0.133771
17.5 0.787419 0.137154
17.51 0.790162 0.140535
17.52 0.792972 0.143914
17.53 0.795851 0.14729
17.54 0.798796 0.150661
17.55 0.80181 0.154027
17.56 0.80489 0.157386
17.57 0.808038 0.160737
17.58 0.811253 0.164079
17.59 0.814534 0.167411
17.6 0.817883 0.170731
17.61 0.821297 0.174039
17.62 0.824778 0.177332
17.63 0.828325 0.180609
17.64 0.831937 0.18387
17.65 0.835614 0.187112
17.66 0.839356 0.190334
17.67 0.843163 0.193534
17.68 0.847034 0.196712
17.69 0.850968 0.199865
17.7 0.854965 0.202993
17.71 0.859025 0.206092
17.72 0.863147 0.209162
17.73 0.86733 0.2122
17.74 0.871574 0.215206
17.75 0.875878 0.218177
17.76 0.880242 0.221111
17.77 0.884664 0.224007
17.78 0.889144 0.226863
17.79 0.893682 0.229676
17.8 0.898275 0.232445
17.81 0.902924 0.235168
17.82 0.907627 0.237843
17.83 0.912384 0.240467
17.84 0.917193 0.243039
17.85 0.922054 0.245556
17.86 0.926965 0.248017
17.87 0.931926 0.250419
17.88 0.936934 0.252759
17.89 0.941989 0.255037
17.9 0.94709 0.257248
17.91 0.952235 0.259392
17.92 0.957423 0.261466
17.93 0.962652 0.263467
17.94 0.967922 0.265394
17.95 0.973229 0.267243
17.96 0.978574 0.269012
17.97 0.983954 0.2707
17.98 0.989368 0.272303
17.99 0.994815 0.27382
18 1.00029 0.275248
18.01 1.0058 0.276584
18.02 1.01133 0.277826
18.03 1.01688 0.278971
18.04 1.02246 0.280018
18.05 1.02806 0.280964
18.06 1.03368 0.281807
18.07 1.03932 0.282543
18.08 1.04497 0.283172
18.09 1.05063 0.28369
18.1 1.05631 0.284096
18.11 1.06199 0.284386
18.12 1.06768 0.28456
18.13 1.07337 0.284614
18.14 1.07906 0.284547
18.15 1.08475 0.284357
18.16 1.09044 0.284041
18.17 1.09612 0.283598
18.18 1.10179 0.283026
18.19 1.10745 0.282323
18.2 1.1131 0.281487
18.21 1.11873 0.280517
18.22 1.12434 0.279411
18.23 1.12993 0.278168
18.24 1.13549 0.276786
18.25 1.14103 0.275264
18.26 1.14653 0.273601
18.27 1.152 0.271795
18.28 1.15744 0.269847
18.29 1.16284 0.267754
18.3 1.16819 0.265517
18.31 1.1735 0.263134
18.32 1.17876 0.260606
18.33 1.18398 0.257932
18.34 1.18913 0.255111
18.35 1.19424 0.252145
18.36 1.19928 0.249032
18.37 1.20426 0.245773
18.38 1.20918 0.242369
18.39 1.21402 0.238821
18.4 1.2188 0.235128
18.41 1.2235 0.231292
18.42 1.22813 0.227315
18.43 1.23267 0.223196
18.44 1.23714 0.218939
18.45 1.24152 0.214543
18.46 1.24581 0.210012
18.47 1.25001 0.205347
18.48 1.25412 0.20055
18.49 1.25813 0.195624
18.5 1.26204 0.19057
18.51 1.26585 0.185393
18.52 1.26956 0.180094
18.53 1.27316 0.174676
18.54 1.27665 0.169143
18.55 1.28004 0.163498
18.56 1.28331 0.157745
18.57 1.28646 0.151887
18.58 1.2895 0.145928
18.59 1.29242 0.139872
18.6 1.29521 0.133723
18.61 1.29789 0.127486
18.62 1.30044 0.121164
18.63 1.30286 0.114763
18.64 1.30516 0.108287
18.65 1.30732 0.101741
18.66 1.30936 0.0951294
18.67 1.31126 0.0884576
18.68 1.31303 0.0817307
18.69 1.31466 0.0749539
18.7 1.31616 0.0681324
18.71 1.31753 0.0612716
18.72 1.31875 0.0543769
18.73 1.31984 0.0474539
18.74 1.32079 0.0405079
18.75 1.3216 0.0335447
18.76 1.32227 0.0265698
18.77 1.3228 0.0195888
18.78 1.32319 0.0126073
18.79 1.32344 0.00563102
18.8 1.32356 -0.00133449
18.81 1.32353 -0.00828359
18.82 1.32336 -0.0152107
18.83 1.32306 -0.0221103
18.84 1.32262 -0.0289768
18.85 1.32204 -0.0358049
18.86 1.32132 -0.0425892
18.87 1.32047 -0.0493242
18.88 1.31948 -0.0560049
18.89 1.31836 -0.062626
18.9 1.31711 -0.0691824
18.91 1.31573 -0.0756694
18.92 1.31421 -0.082082
18.93 1.31257 -0.0884154
18.94 1.31081 -0.0946652
18.95 1.30891 -0.100827
18.96 1.3069 -0.106896
18.97 1.30476 -0.112868
18.98 1.3025 -0.11874
18.99 1.30013 -0.124507
19 1.29763 -0.130166
19.01 1.29503 -0.135713
19.02 1.29232 -0.141145
19.03 1.28949 -0.146458
19.04 1.28657 -0.151649
19.05 1.28353 -0.156716
19.06 1.2804 -0.161656
19.07 1.27716 -0.166466
19.08 1.27384 -0.171144
19.09 1.27041 -0.175688
19.1 1.2669 -0.180095
19.11 1.2633 -0.184365
19.12 1.25961 -0.188494
19.13 1.25584 -0.192482
19.14 1.25199 -0.196328
19.15 1.24806 -0.200029
19.16 1.24406 -0.203586
19.17 1.23999 -0.206998
19.18 1.23585 -0.210263
19.19 1.23165 -0.213382
19.2 1.22738 -0.216354
19.21 1.22305 -0.219178
19.22 1.21867 -0.221856
19.23 1.21423 -0.224386
19.24 1.20974 -0.22677
19.25 1.20521 -0.229008
19.26 1.20063 -0.2311
19.27 1.19601 -0.233047
19.28 1.19134 -0.23485
19.29 1.18665 -0.236509
19.3 1.18192 -0.238027
19.31 1.17716 -0.239404
19.32 1.17237 -0.240641
19.33 1.16756 -0.241739
19.34 1.16272 -0.242701
19.35 1.15787 -0.243528
19.36 1.153 -0.244222
19.37 1.14811 -0.244783
19.38 1.14322 -0.245215
19.39 1.13831 -0.245519
19.4 1.1334 -0.245696
19.41 1.12849 -0.24575
19.42 1.12357 -0.245682
19.43 1.11866 -0.245494
19.44 1.11375 -0.245189
19.45 1.10885 -0.244769
19.46 1.10395 -0.244236
19.47 1.09907 -0.243592
19.48 1.09419 -0.24284
19.49 1.08934 -0.241982
19.5 1.0845 -0.24102
19.51 1.07968 -0.239958
19.52 1.07488 -0.238798
19.53 1.0701 -0.237541
19.54 1.06535 -0.236191
19.55 1.06063 -0.23475
19.56 1.05593 -0.233221
19.57 1.05127 -0.231605
19.58 1.04664 -0.229906
19.59 1.04204 -0.228126
19.6 1.03747 -0.226268
19.61 1.03295 -0.224334
19.62 1.02846 -0.222326
19.63 1.02402 -0.220248
19.64 1.01961 -0.2181
19.65 1.01525 -0.215887
19.66 1.01093 -0.21361
19.67 1.00666 -0.211272
19.68 1.00243 -0.208874
19.69 0.998256 -0.20642
19.7 0.994128 -0.203912
19.71 0.99005 -0.201352
19.72 0.986023 -0.198742
19.73 0.982048 -0.196085
19.74 0.978126 -0.193382
19.75 0.974259 -0.190636
19.76 0.970446 -0.18785
19.77 0.966689 -0.185024
19.78 0.962988 -0.182162
19.79 0.959345 -0.179266
19.8 0.95576 -0.176336
19.81 0.952233 -0.173376
19.82 0.948766 -0.170387
19.83 0.945358 -0.167371
19.84 0.94201 -0.164331
19.85 0.938724 -0.161267
19.86 0.935498 -0.158182
19.87 0.932335 -0.155078
19.88 0.929233 -0.151956
19.89 0.926194 -0.148818
19.9 0.923218 -0.145665
19.91 0.920304 -0.1425
19.92 0.917454 -0.139324
19.93 0.914668 -0.136138
19.94 0.911945 -0.132944
19.95 0.909286 -0.129744
19.96 0.906691 -0.126538
19.97 0.904161 -0.123329
19.98 0.901694 -0.120118
19.99 0.899292 -0.116906
